1 49600
2 30800
3 10100
4 13700
5 9700
6 12100
7 13200
8 20400
9 18100
10 15800
11 18000
12 59900
13 10100
14 19000
15 17500
16 13800
17 18500
18 9900
19 22600
20 10500
21 13500
22 85300
23 12200
24 16300
25 15100
26 14800
27 7200
28 14100
29 8500
30 9100
31 11600
32 12500
33 11700
34 13900
35 36300
36 57900
37 15300
38 11300
39 13400
40 18700
41 11700
42 19600
43 48300
44 33800
45 11600
46 10700
47 16700
48 8200
49 14300
50 19300
51 8000
52 18000
53 15200
54 14800
55 29000
56 50200
57 34600
58 34000
59 15500
60 21400
61 12300
62 61100
63 11500
64 23900
65 24600
66 15700
67 12600
68 12300
69 9500
70 13200
71 9800
72 9700
73 27700
74 22800
75 21000
76 22800
77 13700
78 14400
79 18400
80 23500
81 13400
82 11800
83 16100
84 32900
85 17700
86 30300
87 11900
88 33200
89 22700
90 15500
91 72800
92 15800
93 22300
94 9800
95 9800
96 12500
97 14600
98 10500
99 10500
100 50500
101 27100
102 17500
103 22500
104 27000
105 28900
106 26100
107 5100
108 4600
109 7400
110 4400
111 21000
112 4800
113 75600
114 17500
115 5600
116 5100
117 33000
118 6000
119 4900
120 6000
121 7100
122 7800
123 9600
124 19500
125 8300
126 6100
127 5100
128 8600
129 5200
130 3500
131 5000
132 16700
133 6100
134 7400
135 6500
136 4000
137 6900
138 3300
139 10200
140 6700
141 5500
142 5300
143 4200
144 5600
145 5800
146 5700
147 6600
148 5600
149 11300
150 26900
151 9500
152 9300
153 10900
154 7000
155 3600
156 7600
157 7300
158 5800
159 3600
160 5800
161 5700
162 5500
163 6800
164 6000
165 11100
166 7500
167 4400
168 6300
169 5800
170 6400
171 6500
172 6800
173 7600
174 6100
175 5900
176 7300
177 7400
178 27800
179 13700
180 10200
181 11300
182 9700
183 6600
184 6300
185 7500
186 8400
187 7600
188 7000
189 7800
190 9300
191 15500
192 8000
193 8200
194 8100
195 8700
196 7900
197 4500
198 6400
199 7400
200 8600
201 7400
202 9100
203 7000
204 7800
205 39900
206 19700
207 59500
208 176700
209 81400
210 7800
211 8500
212 7300
213 14500
214 6100
215 8100
216 4700
217 6100
218 20000
219 9100
220 5100
221 5200
222 8200
223 4700
224 7900
225 7900
226 7800
227 7200
228 8200
229 10300
230 6500
231 9600
232 9500
233 10400
234 8700
235 9100
236 9100
237 8000
238 9300
239 9900
240 126900
241 7700
242 11400
243 47200
244 19200
245 20300
246 6700
247 5100
248 5200
249 8400
250 5200
251 8600
252 9700
253 9200
254 8500
255 9200
256 15300
257 9700
258 9700
259 9900
260 8900
261 9600
262 11300
263 8400
264 10300
265 9200
266 9500
267 9600
268 14900
269 5500
270 22400
271 6000
272 10500
273 10700
274 23700
275 6700
276 11100
277 10000
278 10700
279 9800
280 13600
281 9200
282 5900
283 11000
284 10400
285 38300
286 8800
287 15000
288 26100
289 9000
290 12400
291 14800
292 6700
293 8500
294 5800
295 9100
296 11500
297 11100
298 9500
299 9900
300 10800
301 5900
302 5800
303 6100
304 7000
305 20000
306 10700
307 12700
308 12500
309 9600
310 10500
311 11600
312 6700
313 10500
314 9900
315 20100
316 32400
317 11100
318 11800
319 11500
320 10200
321 10700
322 13300
323 12400
324 11900
325 19900
326 6700
327 9100
328 6700
329 11300
330 20000
331 24600
332 12900
333 16400
334 12600
335 11100
336 11700
337 21900
338 21400
339 13200
340 11000
341 13000
342 11800
343 11700
344 13900
345 11200
346 13200
347 14300
348 10800
349 24100
350 12100
351 12600
352 12000
353 13700
354 17900
355 14200
356 18800
357 19600
358 49000
359 13400
360 40500
361 16100
362 14200
363 51100
364 11800
365 11100
366 23600
367 41800
368 20100
369 11500
370 13900
371 486500
372 89300
373 11600
374 16900
375 12000
376 13400
377 18100
378 12900
379 16600
380 12100
381 13200
382 13800
383 12500
384 30500
385 17000
386 13600
387 25700
388 7900
389 14700
390 14600
391 20900
392 21700
393 12200
394 18300
395 16500
396 19300
397 13600
398 16600
399 30700
400 12800
401 15800
402 14200
403 7600
404 26200
405 14200
406 13800
407 18200
408 20100
409 27900
410 12900
411 12900
412 19900
413 16200
414 16000
415 13500
416 17500
417 16000
418 100000
419 13600
420 17800
421 13000
422 14600
423 14100
424 13700
425 13300
426 14800
427 15300
428 15100
429 16300
430 12400
431 15300
432 21300
433 13900
434 27800
435 14200
436 14400
437 47300
438 15800
439 13400
440 15100
441 16900
442 17300
443 19600
444 9600
445 13200
446 11800
447 17300
448 24200
449 27800
450 21000
451 11000
452 15500
453 15800
454 67500
455 11600
456 178000
457 13500
458 78400
459 31600
460 20300
461 13000
462 13300
463 14600
464 21100
465 21000
466 16500
467 12900
468 20100
469 17400
470 17300
471 16600
472 17600
473 76100
474 16200
475 23600
476 22100
477 14500
478 41400
479 13900
480 17800
481 16800
482 15800
483 16300
484 18600
485 16300
486 14800
487 15300
488 16700
489 18000
490 84000
491 9200
492 39300
493 32300
494 12000
495 25000
496 18900
497 14200
498 19300
499 22800
500 18700
501 18400
502 21900
503 16900
504 20800
505 26000
506 11600
507 138400
508 19300
509 17500
510 16500
511 28300
512 22900
513 10000
514 10300
515 10700
516 32900
517 10600
518 17700
519 11900
520 11400
521 11600
522 9700
523 10100
524 15900
525 19800
526 10600
527 16500
528 13200
529 15700
530 11000
531 13700
532 10300
533 13100
534 16800
535 16600
536 9600
537 10400
538 13300
539 20600
540 12000
541 10700
542 11000
543 35000
544 11300
545 19000
546 10300
547 10000
548 10400
549 18200
550 12400
551 11900
552 11300
553 11600
554 11900
555 122200
556 12600
557 11500
558 12500
559 23700
560 11500
561 27900
562 6500
563 11400
564 10500
565 12500
566 12100
567 12200
568 8500
569 12000
570 18400
571 12000
572 10000
573 11100
574 26600
575 14500
576 12600
577 14300
578 13500
579 10200
580 10000
581 12600
582 11000
583 11600
584 21800
585 5600
586 5100
587 6200
588 26800
589 7500
590 12700
591 6600
592 7000
593 12600
594 31000
595 14600
596 9200
597 4200
598 4700
599 8200
600 5500
601 4500
602 4900
603 4800
604 4600
605 4500
606 4500
607 4700
608 8500
609 4800
610 8400
611 5800
612 7400
613 8400
614 3800
615 7900
616 4500
617 3100
618 4300
619 3100
620 4300
621 3000
622 4400
623 24000
624 7800
625 9100
626 13500
627 7000
628 7800
629 18300
630 5900
631 126000
632 4300
633 4500
634 3700
635 4100
636 6800
637 4100
638 2600
639 7600
640 4200
641 6000
642 3700
643 4600
644 3900
645 2800
646 4000
647 2600
648 5000
649 4500
650 4300
651 7900
652 2900
653 6000
654 3800
655 4500
656 9400
657 3900
658 8900
659 11900
660 8600
661 7300
662 4000
663 4300
664 4100
665 4100
666 3400
667 4100
668 8000
669 4300
670 4400
671 4500
672 4600
673 23100
674 4100
675 4200
676 8700
677 5300
678 4000
679 4600
680 5700
681 8200
682 3800
683 5500
684 5200
685 5300
686 21500
687 8300
688 4300
689 4100
690 4600
691 4400
692 4100
693 4400
694 8000
695 4500
696 4800
697 4000
698 5500
699 5100
700 18300
701 5400
702 4700
703 4100
704 8200
705 4400
706 4500
707 9000
708 2600
709 5400
710 2800
711 4000
712 2800
713 6600
714 5600
715 4300
716 4400
717 4300
718 6600
719 2800
720 4200
721 5400
722 5200
723 4600
724 12100
725 5300
726 2800
727 4900
728 4000
729 8900
730 4000
731 4300
732 4100
733 3800
734 4200
735 5200
736 4200
737 16000
738 4200
739 2700
740 7700
741 3900
742 2800
743 7500
744 7600
745 2700
746 4100
747 4600
748 4400
749 4300
750 2900
751 5500
752 8500
753 4400
754 2700
755 2900
756 7800
757 4600
758 3800
759 10500
760 5400
761 7600
762 4200
763 4900
764 4700
765 4500
766 4700
767 7300
768 18200
769 71000
770 4800
771 4600
772 6100
773 9000
774 4400
775 4200
776 3900
777 5700
778 4200
779 5300
780 4000
781 4400
782 4300
783 4200
784 2900
785 4600
786 4400
787 3000
788 5600
789 2900
790 2900
791 7600
792 4300
793 4900
794 4800
795 4600
796 7600
797 4900
798 7700
799 4200
800 5600
801 4700
802 5600
803 4300
804 3400
805 4900
806 8200
807 2900
808 4300
809 4800
810 8500
811 4600
812 2900
813 4500
814 2900
815 4200
816 4400
817 4400
818 4700
819 8200
820 4400
821 16800
822 10600
823 13300
824 4800
825 9500
826 6100
827 11000
828 4800
829 5700
830 3100
831 5300
832 4700
833 3000
834 5900
835 4800
836 3400
837 4600
838 4400
839 8800
840 4000
841 4400
842 5000
843 4200
844 5200
845 4800
846 4400
847 5700
848 4700
849 8900
850 5000
851 4700
852 3100
853 3200
854 6000
855 5000
856 4800
857 3100
858 3000
859 5000
860 4600
861 5100
862 14800
863 5700
864 3300
865 4600
866 8100
867 6000
868 4500
869 11200
870 6100
871 6500
872 5800
873 4700
874 5100
875 8100
876 8000
877 4600
878 4600
879 7700
880 6300
881 5100
882 9300
883 5600
884 7600
885 5800
886 6400
887 14600
888 18400
889 5400
890 12600
891 4600
892 3300
893 9100
894 5500
895 4900
896 5200
897 9500
898 4700
899 3400
900 19200
901 3400
902 4900
903 5500
904 5000
905 8400
906 5200
907 3400
908 9300
909 4700
910 5400
911 5300
912 20400
913 8600
914 3200
915 6900
916 5900
917 3300
918 5100
919 5500
920 4700
921 8600
922 5400
923 3300
924 5800
925 3300
926 4800
927 5100
928 5400
929 5500
930 5100
931 5700
932 8400
933 3300
934 5000
935 5700
936 5500
937 6200
938 5200
939 4800
940 16000
941 24900
942 6200
943 9900
944 9000
945 5200
946 11000
947 7400
948 9900
949 5000
950 7500
951 3400
952 3300
953 8400
954 3300
955 4800
956 3300
957 4600
958 9700
959 3500
960 6300
961 3900
962 21700
963 5800
964 4600
965 9000
966 5500
967 5400
968 5500
969 8500
970 3300
971 3300
972 5100
973 5100
974 5800
975 5100
976 5000
977 5000
978 4900
979 3500
980 5000
981 5400
982 3800
983 8600
984 5300
985 6400
986 5100
987 14300
988 3400
989 4000
990 9700
991 3400
992 3600
993 7900
994 3500
995 5500
996 14000
997 9400
998 5900
999 5500
1000 5400
1001 5300
1002 9600
1003 5600
1004 5100
1005 6000
1006 6500
1007 7800
1008 14200
1009 8100
1010 5600
1011 6000
1012 9300
1013 6000
1014 6400
1015 5600
1016 6800
1017 8400
1018 6000
1019 6000
1020 5500
1021 9100
1022 6900
1023 8900
1024 7000
1025 5500
1026 5300
1027 9200
1028 5700
1029 5700
1030 5600
1031 3700
1032 3600
1033 9600
1034 5500
1035 5400
1036 5800
1037 9300
1038 6900
1039 9400
1040 7300
1041 3500
1042 5500
1043 6100
1044 5500
1045 5500
1046 5600
1047 3500
1048 8300
1049 7600
1050 5600
1051 5700
1052 4700
1053 6000
1054 5900
1055 5900
1056 5600
1057 3600
1058 10000
1059 3600
1060 6100
1061 8200
1062 5200
1063 3800
1064 13000
1065 10200
1066 8200
1067 9900
1068 5400
1069 13100
1070 8300
1071 10000
1072 10800
1073 3700
1074 5500
1075 5100
1076 9400
1077 10100
1078 5500
1079 3600
1080 3600
1081 5100
1082 12300
1083 5700
1084 9600
1085 5400
1086 6600
1087 3700
1088 3600
1089 6000
1090 6500
1091 4900
1092 5300
1093 3700
1094 3700
1095 8900
1096 3600
1097 6900
1098 5200
1099 5500
1100 5500
1101 5500
1102 8500
1103 5800
1104 3600
1105 3700
1106 6600
1107 3800
1108 6000
1109 6200
1110 5600
1111 16800
1112 6000
1113 12200
1114 3600
1115 5600
1116 10500
1117 3700
1118 6500
1119 3700
1120 6000
1121 3700
1122 3700
1123 5800
1124 8800
1125 5800
1126 5800
1127 10000
1128 11500
1129 10800
1130 9500
1131 12100
1132 6900
1133 10200
1134 9600
1135 17700
1136 24600
1137 5700
1138 6000
1139 7700
1140 23700
1141 13500
1142 6300
1143 9600
1144 6300
1145 6000
1146 4000
1147 6600
1148 11400
1149 3900
1150 12900
1151 6300
1152 5400
1153 6900
1154 5800
1155 6100
1156 8800
1157 6800
1158 6800
1159 6400
1160 5900
1161 7100
1162 7600
1163 7900
1164 7000
1165 5800
1166 6500
1167 8900
1168 8900
1169 6700
1170 6700
1171 9600
1172 12200
1173 8000
1174 7100
1175 6200
1176 7100
1177 9700
1178 8200
1179 8600
1180 7500
1181 42300
1182 8400
1183 9400
1184 8400
1185 10400
1186 7200
1187 7800
1188 9000
1189 17400
1190 9800
1191 14800
1192 15000
1193 9600
1194 8300
1195 6200
1196 7100
1197 6700
1198 34600
1199 20000
1200 4300
1201 10200
1202 7000
1203 6500
1204 6200
1205 6100
1206 36700
1207 7400
1208 7600
1209 15800
1210 50000
1211 7100
1212 7400
1213 6700
1214 11200
1215 13100
1216 28000
1217 33300
1218 45000
1219 12000
1220 8800
1221 56700
1222 28900
1223 6000
1224 10200
1225 10400
1226 6600
1227 16600
1228 11000
1229 6600
1230 6800
1231 7100
1232 6800
1233 11100
1234 9200
1235 4600
1236 4100
1237 6000
1238 6200
1239 10000
1240 7500
1241 22100
1242 6800
1243 7700
1244 7300
1245 10700
1246 7400
1247 6200
1248 10800
1249 6500
1250 6500
1251 6300
1252 10100
1253 9500
1254 10900
1255 7200
1256 6200
1257 6900
1258 7000
1259 9700
1260 9700
1261 5400
1262 6000
1263 6500
1264 6500
1265 9700
1266 7600
1267 6300
1268 7500
1269 6300
1270 6800
1271 9700
1272 7400
1273 6200
1274 18800
1275 13800
1276 14200
1277 7000
1278 14600
1279 11500
1280 7200
1281 6500
1282 6400
1283 6800
1284 7800
1285 9200
1286 9200
1287 11900
1288 4200
1289 4100
1290 4300
1291 6600
1292 5000
1293 6900
1294 6600
1295 6600
1296 4300
1297 7000
1298 6700
1299 6100
1300 6300
1301 7600
1302 5700
1303 6700
1304 6800
1305 4200
1306 6300
1307 6700
1308 4200
1309 6200
1310 7300
1311 6400
1312 6300
1313 7900
1314 6700
1315 6500
1316 6700
1317 6500
1318 8100
1319 9300
1320 10800
1321 10500
1322 7500
1323 6600
1324 11100
1325 13900
1326 10800
1327 7500
1328 6500
1329 4200
1330 6400
1331 7200
1332 10100
1333 20300
1334 7100
1335 6900
1336 24500
1337 5400
1338 9800
1339 12100
1340 21100
1341 54000
1342 29900
1343 30300
1344 7200
1345 7200
1346 6200
1347 13400
1348 7200
1349 6500
1350 6400
1351 6700
1352 4700
1353 6800
1354 7100
1355 6300
1356 6700
1357 6500
1358 6300
1359 7100
1360 6500
1361 6800
1362 4400
1363 7300
1364 8100
1365 7400
1366 4300
1367 6800
1368 4400
1369 7600
1370 4300
1371 4400
1372 4300
1373 4400
1374 6900
1375 7000
1376 19700
1377 4500
1378 15100
1379 4700
1380 7500
1381 9000
1382 8400
1383 4500
1384 8200
1385 6800
1386 6400
1387 6700
1388 7000
1389 6900
1390 7000
1391 15200
1392 10900
1393 10200
1394 10600
1395 10600
1396 7300
1397 8200
1398 13700
1399 33900
1400 7400
1401 31300
1402 17500
1403 11300
1404 10500
1405 11100
1406 7300
1407 6700
1408 6900
1409 8000
1410 22600
1411 9900
1412 7100
1413 7400
1414 7600
1415 7100
1416 4700
1417 24800
1418 8000
1419 6900
1420 29700
1421 6200
1422 7200
1423 7900
1424 17800
1425 9700
1426 10100
1427 10900
1428 11300
1429 4500
1430 4700
1431 8200
1432 4600
1433 20800
1434 7300
1435 7400
1436 8600
1437 7600
1438 5200
1439 7200
1440 17100
1441 4800
1442 6500
1443 4600
1444 4600
1445 7300
1446 16100
1447 7300
1448 9800
1449 9700
1450 7200
1451 11000
1452 4700
1453 7600
1454 7400
1455 7400
1456 7100
1457 12900
1458 13700
1459 5900
1460 29400
1461 29300
1462 14100
1463 7100
1464 4900
1465 6300
1466 4600
1467 4700
1468 4800
1469 7300
1470 7200
1471 9600
1472 13000
1473 10800
1474 7000
1475 9800
1476 8500
1477 8600
1478 8100
1479 8500
1480 7900
1481 17100
1482 12000
1483 11100
1484 21500
1485 7500
1486 8900
1487 7300
1488 19300
1489 11200
1490 12000
1491 7300
1492 7600
1493 8800
1494 5800
1495 8100
1496 11300
1497 12200
1498 7300
1499 11900
1500 11000
1501 11700
1502 7600
1503 4900
1504 8400
1505 7800
1506 7400
1507 6200
1508 7500
1509 9000
1510 7100
1511 4800
1512 11600
1513 8200
1514 7300
1515 9500
1516 8200
1517 12600
1518 9100
1519 15800
1520 15200
1521 11800
1522 9000
1523 8300
1524 10200
1525 11900
1526 11800
1527 12200
1528 12500
1529 7800
1530 8400
1531 8000
1532 8300
1533 4800
1534 7700
1535 11300
1536 19700
1537 7400
1538 13400
1539 7500
1540 12700
1541 14300
1542 10900
1543 12800
1544 11200
1545 9200
1546 6500
1547 7600
1548 7600
1549 7800
1550 12900
1551 7100
1552 20600
1553 9400
1554 9400
1555 7400
1556 10400
1557 11000
1558 9000
1559 7800
1560 8500
1561 4900
1562 5500
1563 6000
1564 7800
1565 7400
1566 12100
1567 12500
1568 11200
1569 10800
1570 12200
1571 33700
1572 8500
1573 8600
1574 17700
1575 12600
1576 8200
1577 8700
1578 8400
1579 5900
1580 11900
1581 15200
1582 15100
1583 11800
1584 19900
1585 7900
1586 8400
1587 9500
1588 8300
1589 14700
1590 21700
1591 11000
1592 7800
1593 7900
1594 7900
1595 9100
1596 7000
1597 12500
1598 10900
1599 8200
1600 7500
1601 12100
1602 8600
1603 15800
1604 8700
1605 12100
1606 10400
1607 7800
1608 9200
1609 11600
1610 10100
1611 11000
1612 8700
1613 5000
1614 5100
1615 7300
1616 7700
1617 7400
1618 6000
1619 7600
1620 7700
1621 7800
1622 8700
1623 5900
1624 7800
1625 8300
1626 8400
1627 7300
1628 9200
1629 6800
1630 7900
1631 12200
1632 7600
1633 9000
1634 11800
1635 21300
1636 11200
1637 13800
1638 21000
1639 14300
1640 10200
1641 11800
1642 7800
1643 12400
1644 12000
1645 22600
1646 9200
1647 7100
1648 11600
1649 9200
1650 9300
1651 9600
1652 7800
1653 9700
1654 6600
1655 7800
1656 18900
1657 34700
1658 8000
1659 7900
1660 9100
1661 11800
1662 16700
1663 10500
1664 8400
1665 12300
1666 9800
1667 12000
1668 8800
1669 7800
1670 9200
1671 5200
1672 7300
1673 7400
1674 8900
1675 8800
1676 8500
1677 11400
1678 21600
1679 7700
1680 9300
1681 8600
1682 11900
1683 8900
1684 14500
1685 13800
1686 7700
1687 9100
1688 17500
1689 11100
1690 9800
1691 14300
1692 16800
1693 17200
1694 12900
1695 11700
1696 13500
1697 11500
1698 13400
1699 20200
1700 9900
1701 16500
1702 11500
1703 9000
1704 41600
1705 7600
1706 9400
1707 8200
1708 9900
1709 10000
1710 9100
1711 9200
1712 9200
1713 5900
1714 8000
1715 9000
1716 13200
1717 13600
1718 12300
1719 14100
1720 12800
1721 27600
1722 8200
1723 16200
1724 8200
1725 10500
1726 10400
1727 8000
1728 8000
1729 9200
1730 18100
1731 12700
1732 78800
1733 14200
1734 13900
1735 8700
1736 27500
1737 31400
1738 12700
1739 19700
1740 11900
1741 11800
1742 26800
1743 19000
1744 12800
1745 12300
1746 10200
1747 13400
1748 9600
1749 9800
1750 5800
1751 29000
1752 87400
1753 9600
1754 13300
1755 18600
1756 16500
1757 19900
1758 12800
1759 12800
1760 173700
1761 13200
1762 10200
1763 10800
1764 14200
1765 20200
1766 147300
1767 113000
1768 11600
1769 36500
1770 13200
1771 13300
1772 11800
1773 12300
1774 12600
1775 13600
1776 6500
1777 11500
1778 9700
1779 11600
1780 11300
1781 9300
1782 10000
1783 15300
1784 10600
1785 8500
1786 10000
1787 8900
1788 5500
1789 11500
1790 5500
1791 5400
1792 12900
1793 12000
1794 13300
1795 9000
1796 12400
1797 11700
1798 10800
1799 56800
1800 8700
1801 10000
1802 11400
1803 8300
1804 9900
1805 18700
1806 13600
1807 24800
1808 24700
1809 34500
1810 44900
1811 10600
1812 9600
1813 20500
1814 9600
1815 9200
1816 12900
1817 22300
1818 11200
1819 8200
1820 9100
1821 18400
1822 5500
1823 8600
1824 5600
1825 8900
1826 12300
1827 11700
1828 14000
1829 10300
1830 10300
1831 12400
1832 5500
1833 9200
1834 8900
1835 10200
1836 16300
1837 14100
1838 10100
1839 13300
1840 13800
1841 21900
1842 11100
1843 8400
1844 10600
1845 10900
1846 9000
1847 9900
1848 14800
1849 8000
1850 8800
1851 6000
1852 21400
1853 23200
1854 12200
1855 11300
1856 12100
1857 14300
1858 18300
1859 32800
1860 23500
1861 19400
1862 32500
1863 15900
1864 10500
1865 10800
1866 11300
1867 10200
1868 12400
1869 13200
1870 5900
1871 8300
1872 12900
1873 12300
1874 15600
1875 8400
1876 8000
1877 11700
1878 8600
1879 8800
1880 8000
1881 11100
1882 21600
1883 11500
1884 13400
1885 11000
1886 10800
1887 11000
1888 6300
1889 9700
1890 8000
1891 12400
1892 11100
1893 9300
1894 9200
1895 13300
1896 11700
1897 10100
1898 14500
1899 13300
1900 13700
1901 9300
1902 14700
1903 19200
1904 11900
1905 21500
1906 10200
1907 9800
1908 20100
1909 15300
1910 8300
1911 31500
1912 27500
1913 12900
1914 184700
1915 10800
1916 10100
1917 11900
1918 11800
1919 27600
1920 14300
1921 8800
1922 21000
1923 9200
1924 12600
1925 12100
1926 10400
1927 11900
1928 5800
1929 10400
1930 10500
1931 10700
1932 8800
1933 11600
1934 13400
1935 13300
1936 12900
1937 8900
1938 6100
1939 7900
1940 9200
1941 5800
1942 5800
1943 8600
1944 9300
1945 5900
1946 5800
1947 7900
1948 10300
1949 8000
1950 12900
1951 5900
1952 12200
1953 9100
1954 12200
1955 12200
1956 13700
1957 13200
1958 11900
1959 14600
1960 15800
1961 37100
1962 11300
1963 6500
1964 39000
1965 9200
1966 12500
1967 9000
1968 9300
1969 9400
1970 5900
1971 11500
1972 8000
1973 12000
1974 8700
1975 8900
1976 10700
1977 6000
1978 5900
1979 13700
1980 13300
1981 8100
1982 11700
1983 9200
1984 14400
1985 12300
1986 13100
1987 5900
1988 10200
1989 8000
1990 12900
1991 13200
1992 6500
1993 13800
1994 13200
1995 10900
1996 10900
1997 12200
1998 10300
1999 9200
2000 14400
2001 10200
2002 21800
2003 8900
2004 11800
2005 15000
2006 9500
2007 14800
2008 13800
2009 11000
2010 12800
2011 9100
2012 12200
2013 13500
2014 13100
2015 13500
2016 11600
2017 12000
2018 10000
2019 11200
2020 21500
2021 14800
2022 15800
2023 12600
2024 10900
2025 22000
2026 27500
2027 13400
2028 11500
2029 21400
2030 9800
2031 14000
2032 8900
2033 9700
2034 6300
2035 7700
2036 12500
2037 8200
2038 12800
2039 10400
2040 6100
2041 13600
2042 8900
2043 13300
2044 10800
2045 9400
2046 10300
2047 14000
2048 13300
2049 8300
2050 6200
2051 10900
2052 15500
2053 13900
2054 11700
2055 10900
2056 13900
2057 12100
2058 12700
2059 20900
2060 9500
2061 12500
2062 13700
2063 13000
2064 9500
2065 10800
2066 6200
2067 13900
2068 13700
2069 11000
2070 7600
2071 10500
2072 11400
2073 23200
2074 13300
2075 10800
2076 14200
2077 13500
2078 46800
2079 10800
2080 24500
2081 33800
2082 29000
2083 14800
2084 6700
2085 9600
2086 9800
2087 14300
2088 14700
2089 10000
2090 12000
2091 9400
2092 13700
2093 13300
2094 17900
2095 10500
2096 6300
2097 7500
2098 10200
2099 9100
2100 9800
2101 27100
2102 12900
2103 15600
2104 10300
2105 13800
2106 13100
2107 12300
2108 9500
2109 13700
2110 15500
2111 10800
2112 12000
2113 13600
2114 12800
2115 15700
2116 10900
2117 6400
2118 9800
2119 8700
2120 9800
2121 6200
2122 10700
2123 14400
2124 12200
2125 14100
2126 11500
2127 8200
2128 9600
2129 6300
2130 12700
2131 14900
2132 10500
2133 12500
2134 15200
2135 13800
2136 11200
2137 31700
2138 41400
2139 8300
2140 11600
2141 13700
2142 8900
2143 10100
2144 8500
2145 9700
2146 11200
2147 12600
2148 11800
2149 10600
2150 9000
2151 6300
2152 8300
2153 13900
2154 6500
2155 22700
2156 14000
2157 13000
2158 11300
2159 18500
2160 12700
2161 8900
2162 10000
2163 10100
2164 13000
2165 17700
2166 12900
2167 10600
2168 11200
2169 13200
2170 9600
2171 14400
2172 6500
2173 9100
2174 12900
2175 8800
2176 6400
2177 9300
2178 9300
2179 13800
2180 6500
2181 11000
2182 6500
2183 14600
2184 8800
2185 14500
2186 9000
2187 10500
2188 14300
2189 15100
2190 10200
2191 6500
2192 13500
2193 15600
2194 12000
2195 9800
2196 12300
2197 17700
2198 14600
2199 32100
2200 37600
2201 11300
2202 14600
2203 9100
2204 13600
2205 11500
2206 13200
2207 13100
2208 13700
2209 6500
2210 8700
2211 6600
2212 8600
2213 8800
2214 11500
2215 6500
2216 8800
2217 11300
2218 11700
2219 9100
2220 9100
2221 10600
2222 9800
2223 8900
2224 14400
2225 6700
2226 9500
2227 16100
2228 10400
2229 6600
2230 6600
2231 14900
2232 10100
2233 11200
2234 6600
2235 14400
2236 6700
2237 11200
2238 10500
2239 10500
2240 11600
2241 13700
2242 10000
2243 6600
2244 11600
2245 15100
2246 15700
2247 11300
2248 14300
2249 9300
2250 11800
2251 9300
2252 9100
2253 14700
2254 24900
2255 15800
2256 12000
2257 10200
2258 17000
2259 19600
2260 24500
2261 34500
2262 23500
2263 13800
2264 22000
2265 14100
2266 12000
2267 15900
2268 16300
2269 11900
2270 17200
2271 14600
2272 6800
2273 6600
2274 10900
2275 14500
2276 11200
2277 12600
2278 19500
2279 14300
2280 14200
2281 14300
2282 18200
2283 13800
2284 17300
2285 11900
2286 16100
2287 10100
2288 19500
2289 10500
2290 15200
2291 24600
2292 31400
2293 27100
2294 16100
2295 16000
2296 13300
2297 14700
2298 15700
2299 30500
2300 30000
2301 18300
2302 17100
2303 11300
2304 14100
2305 11400
2306 13300
2307 11800
2308 25500
2309 22000
2310 30100
2311 53500
2312 13200
2313 25300
2314 29300
2315 11300
2316 15500
2317 12600
2318 14900
2319 12900
2320 37400
2321 14600
2322 14200
2323 14500
2324 15500
2325 13600
2326 49700
2327 19000
2328 13800
2329 25600
2330 13600
2331 10200
2332 18600
2333 17300
2334 21900
2335 25900
2336 18300
2337 16300
2338 15500
2339 20100
2340 28200
2341 15000
2342 7500
2343 14900
2344 14400
2345 16000
2346 15200
2347 9700
2348 11000
2349 12000
2350 16400
2351 13400
2352 14700
2353 14600
2354 18800
2355 16200
2356 7600
2357 16400
2358 14400
2359 9600
2360 11300
2361 16800
2362 14700
2363 14500
2364 7200
2365 9300
2366 12200
2367 14600
2368 10700
2369 11200
2370 13300
2371 7000
2372 13800
2373 15800
2374 10400
2375 9200
2376 14200
2377 12400
2378 14300
2379 13800
2380 9800
2381 12500
2382 13700
2383 12200
2384 22900
2385 136600
2386 7100
2387 14400
2388 11200
2389 9200
2390 12100
2391 15300
2392 7000
2393 10600
2394 14500
2395 7100
2396 15100
2397 11600
2398 14500
2399 14100
2400 11300
2401 9400
2402 11300
2403 9900
2404 9800
2405 28300
2406 9400
2407 7100
2408 9700
2409 8300
2410 7000
2411 14400
2412 7000
2413 14700
2414 11200
2415 15300
2416 16000
2417 11200
2418 17300
2419 12300
2420 15000
2421 17300
2422 9900
2423 11800
2424 13100
2425 14000
2426 15000
2427 9800
2428 11900
2429 9800
2430 14500
2431 12400
2432 14100
2433 9300
2434 13300
2435 14300
2436 7100
2437 7100
2438 16100
2439 11500
2440 14500
2441 12000
2442 9500
2443 14100
2444 11100
2445 15800
2446 11600
2447 12100
2448 12400
2449 7100
2450 14800
2451 11400
2452 15300
2453 12600
2454 9600
2455 16300
2456 12600
2457 13500
2458 8200
2459 9800
2460 12700
2461 15600
2462 8700
2463 11300
2464 14900
2465 11500
2466 30700
2467 9600
2468 14800
2469 14500
2470 15600
2471 7200
2472 9800
2473 10600
2474 11500
2475 14400
2476 11900
2477 7200
2478 13500
2479 12600
2480 27900
2481 11300
2482 18400
2483 74900
2484 49400
2485 20000
2486 19800
2487 15400
2488 15900
2489 9500
2490 19700
2491 15400
2492 7200
2493 7300
2494 10000
2495 7500
2496 9000
2497 14700
2498 11800
2499 14400
2500 12900
2501 10700
2502 10500
2503 15700
2504 15700
2505 25900
2506 26300
2507 16400
2508 13400
2509 16700
2510 16600
2511 16100
2512 16400
2513 12300
2514 15900
2515 13700
2516 15500
2517 14300
2518 11000
2519 15900
2520 13000
2521 14800
2522 12500
2523 14700
2524 15700
2525 10400
2526 14700
2527 7600
2528 15200
2529 7700
2530 18300
2531 12700
2532 12000
2533 21900
2534 13300
2535 34200
2536 46500
2537 34800
2538 19000
2539 15400
2540 23100
2541 18600
2542 11900
2543 16200
2544 11700
2545 16200
2546 33800
2547 11200
2548 53700
2549 8300
2550 16500
2551 15000
2552 17500
2553 17100
2554 20900
2555 17700
2556 14800
2557 16100
2558 20600
2559 17700
2560 11400
2561 14000
2562 17200
2563 13700
2564 12600
2565 24800
2566 12500
2567 14200
2568 9000
2569 16500
2570 7600
2571 11500
2572 10400
2573 30100
2574 16800
2575 16900
2576 16900
2577 28300
2578 10600
2579 19200
2580 16000
2581 12500
2582 20000
2583 13500
2584 16700
2585 18400
2586 17900
2587 17100
2588 45500
2589 37500
2590 25100
2591 16900
2592 17600
2593 10000
2594 10700
2595 13400
2596 9800
2597 7700
2598 10100
2599 10200
2600 8000
2601 16600
2602 13900
2603 10700
2604 7600
2605 16200
2606 12600
2607 10300
2608 12100
2609 7600
2610 15500
2611 12100
2612 14900
2613 7800
2614 16400
2615 12600
2616 16200
2617 12800
2618 15500
2619 16000
2620 11700
2621 15500
2622 17600
2623 11600
2624 7800
2625 29500
2626 12800
2627 15900
2628 12700
2629 16400
2630 11700
2631 14100
2632 14100
2633 15400
2634 14100
2635 16300
2636 13600
2637 15200
2638 13000
2639 15100
2640 13200
2641 29600
2642 15200
2643 28400
2644 29100
2645 24400
2646 17900
2647 13200
2648 16100
2649 15600
2650 14500
2651 17800
2652 64200
2653 20000
2654 18200
2655 15600
2656 14100
2657 15100
2658 12800
2659 12900
2660 41000
2661 14900
2662 16500
2663 18800
2664 15200
2665 15400
2666 17200
2667 16300
2668 12600
2669 17200
2670 17700
2671 15400
2672 18600
2673 13100
2674 15500
2675 12800
2676 15500
2677 18100
2678 18000
2679 17500
2680 23200
2681 16400
2682 13400
2683 18000
2684 15100
2685 16800
2686 18300
2687 12400
2688 15900
2689 16500
2690 12100
2691 18000
2692 16100
2693 19900
2694 19800
2695 24900
2696 70000
2697 24400
2698 26400
2699 16400
2700 16600
2701 17700
2702 12500
2703 18900
2704 10500
2705 17500
2706 17300
2707 8600
2708 17600
2709 8100
2710 18000
2711 16100
2712 17300
2713 17500
2714 12400
2715 17700
2716 7800
2717 17300
2718 10100
2719 17400
2720 13700
2721 27000
2722 16100
2723 17000
2724 13800
2725 17500
2726 18100
2727 17200
2728 16500
2729 22700
2730 17800
2731 12900
2732 16800
2733 16800
2734 17400
2735 16200
2736 17100
2737 13900
2738 14600
2739 15700
2740 8400
2741 30800
2742 8300
2743 40700
2744 12900
2745 17700
2746 18000
2747 20100
2748 15500
2749 20300
2750 26400
2751 25300
2752 20200
2753 12800
2754 17000
2755 17300
2756 26300
2757 25000
2758 42300
2759 16500
2760 29700
2761 12800
2762 18400
2763 17000
2764 18600
2765 35700
2766 21100
2767 18800
2768 20600
2769 19600
2770 18300
2771 20500
2772 17400
2773 20400
2774 30000
2775 16900
2776 39300
2777 20900
2778 27000
2779 20300
2780 18800
2781 25300
2782 20400
2783 16500
2784 22200
2785 27500
2786 29200
2787 35500
2788 24200
2789 18900
2790 17500
2791 17800
2792 13700
2793 16500
2794 14000
2795 17400
2796 18700
2797 14400
2798 33600
2799 18300
2800 13700
2801 20200
2802 57700
2803 65500
2804 24000
2805 84300
2806 20900
2807 16700
2808 28800
2809 17100
2810 18200
2811 14800
2812 19300
2813 18100
2814 25600
2815 17400
2816 16900
2817 13700
2818 19600
2819 18000
2820 18000
2821 59900
2822 494900
2823 21500
2824 17600
2825 13700
2826 18900
2827 17800
2828 20300
2829 47000
2830 19600
2831 17300
2832 46500
2833 39800
2834 34500
2835 18200
2836 14000
2837 28100
2838 67100
2839 22100
2840 42400
2841 104000
2842 20000
2843 32000
2844 24500
2845 138900
2846 18300
2847 13900
2848 17500
2849 43000
2850 20000
2851 18200
2852 18800
2853 19800
2854 55400
2855 19100
2856 47300
2857 80600
2858 15600
2859 14700
2860 32700
2861 17700
2862 32400
2863 27200
2864 36600
2865 113400
2866 491300
2867 14600
2868 59600
2869 20000
2870 17200
2871 45200
2872 15900
2873 20600
2874 19400
2875 17000
2876 28900
2877 13000
2878 16400
2879 14600
2880 21000
2881 9600
2882 19400
2883 17700
2884 17800
2885 17700
2886 15800
2887 16100
2888 17200
2889 18200
2890 12300
2891 53600
2892 31300
2893 25000
2894 39700
2895 16800
2896 13300
2897 15300
2898 16100
2899 30000
2900 104500
2901 23100
2902 56500
2903 14900
2904 16700
2905 50200
2906 31100
2907 16600
2908 18200
2909 41800
2910 26300
2911 20700
2912 55900
2913 13900
2914 15800
2915 19000
2916 28600
2917 51500
2918 18200
2919 16500
2920 15000
2921 16900
2922 16200
2923 29800
2924 14200
2925 15900
2926 16900
2927 29200
2928 35400
2929 8600
2930 17600
2931 11100
2932 14400
2933 10800
2934 16300
2935 14400
2936 15800
2937 18700
2938 16500
2939 17300
2940 36700
2941 21500
2942 50000
2943 15000
2944 165100
2945 22100
2946 21000
2947 13900
2948 11300
2949 9200
2950 18100
2951 17800
2952 17700
2953 15800
2954 17300
2955 18500
2956 17800
2957 12900
2958 16300
2959 17100
2960 10100
2961 14600
2962 16900
2963 13400
2964 17500
2965 25900
2966 11200
2967 17100
2968 17400
2969 11900
2970 29400
2971 18200
2972 13700
2973 16900
2974 16700
2975 15600
2976 17400
2977 15300
2978 9100
2979 17800
2980 16800
2981 13500
2982 18400
2983 34500
2984 17900
2985 15700
2986 17000
2987 14900
2988 33700
2989 29500
2990 58500
2991 23700
2992 47500
2993 54200
2994 11000
2995 20600
2996 35500
2997 29100
2998 18300
2999 8900
3000 18100
3001 27200
3002 19100
3003 16300
3004 16600
3005 13600
3006 17800
3007 29400
3008 17100
3009 16500
3010 15000
3011 18400
3012 17700
3013 20300
3014 17700
3015 17800
3016 8900
3017 14400
3018 16400
3019 16700
3020 14000
3021 18500
3022 16900
3023 15100
3024 17600
3025 17400
3026 17700
3027 17100
3028 17200
3029 17900
3030 18500
3031 13800
3032 14100
3033 15100
3034 20100
3035 16700
3036 19400
3037 16900
3038 19900
3039 47800
3040 24700
3041 34100
3042 14200
3043 21400
3044 19300
3045 14900
3046 147300
3047 21200
3048 17500
3049 16900
3050 18000
3051 17200
3052 16200
3053 18500
3054 15900
3055 30700
3056 16800
3057 18600
3058 9100
3059 18400
3060 19200
3061 10200
3062 14800
3063 19100
3064 17400
3065 17500
3066 15700
3067 30900
3068 30200
3069 13300
3070 9700
3071 16800
3072 16900
3073 16400
3074 14000
3075 17200
3076 16900
3077 15100
3078 24000
3079 25400
3080 14800
3081 16200
3082 16100
3083 18700
3084 18300
3085 9100
3086 24500
3087 16300
3088 19000
3089 16300
3090 33800
3091 23200
3092 52300
3093 27700
3094 134800
3095 17100
3096 17500
3097 27800
3098 12200
3099 20300
3100 19100
3101 18500
3102 14900
3103 16400
3104 11900
3105 11500
3106 18700
3107 16600
3108 17900
3109 18000
3110 14400
3111 18700
3112 22100
3113 20900
3114 15000
3115 21100
3116 21000
3117 26300
3118 35400
3119 19700
3120 17500
3121 20800
3122 15200
3123 16000
3124 17700
3125 12000
3126 19800
3127 14400
3128 19700
3129 14600
3130 31500
3131 15600
3132 20600
3133 12100
3134 34400
3135 37000
3136 18900
3137 20200
3138 48800
3139 20500
3140 21000
3141 126300
3142 17200
3143 20900
3144 22800
3145 20400
3146 17000
3147 23700
3148 17900
3149 17300
3150 35600
3151 14700
3152 19700
3153 19600
3154 23100
3155 32800
3156 16600
3157 21900
3158 19700
3159 19200
3160 20000
3161 37400
3162 17600
3163 19200
3164 19500
3165 17700
3166 16700
3167 19600
3168 20000
3169 14700
3170 20600
3171 28500
3172 20100
3173 17100
3174 18600
3175 28400
3176 20100
3177 20000
3178 19900
3179 56700
3180 17600
3181 19600
3182 19900
3183 36600
3184 45300
3185 30300
3186 22700
3187 13500
3188 20600
3189 18000
3190 15000
3191 19300
3192 13000
3193 19800
3194 12300
3195 21500
3196 16400
3197 9200
3198 9300
3199 11500
3200 11400
3201 11300
3202 30100
3203 15700
3204 19800
3205 11300
3206 18600
3207 17100
3208 16200
3209 17300
3210 18700
3211 11300
3212 12000
3213 14400
3214 12700
3215 16500
3216 16600
3217 11300
3218 17100
3219 12700
3220 11500
3221 27600
3222 14200
3223 20900
3224 19200
3225 21600
3226 17300
3227 11900
3228 17100
3229 29000
3230 40600
3231 17600
3232 17800
3233 19000
3234 25700
3235 31100
3236 18300
3237 20200
3238 19000
3239 29500
3240 23900
3241 20300
3242 17600
3243 19100
3244 17200
3245 16000
3246 11400
3247 19600
3248 17600
3249 19400
3250 11600
3251 22200
3252 14800
3253 18800
3254 23600
3255 18600
3256 11500
3257 11200
3258 14000
3259 18400
3260 18000
3261 33300
3262 11800
3263 22600
3264 15900
3265 17600
3266 12100
3267 26900
3268 18400
3269 19000
3270 17200
3271 15400
3272 18500
3273 18100
3274 11800
3275 11600
3276 17500
3277 17000
3278 17200
3279 19600
3280 17300
3281 12200
3282 19000
3283 15200
3284 9400
3285 12800
3286 16700
3287 17700
3288 19800
3289 17800
3290 20000
3291 18100
3292 28800
3293 51400
3294 31500
3295 21900
3296 14600
3297 20600
3298 68800
3299 15900
3300 67500
3301 33300
3302 16700
3303 26700
3304 9400
3305 19500
3306 20600
3307 16900
3308 29400
3309 19100
3310 15400
3311 11600
3312 18000
3313 13800
3314 18900
3315 17100
3316 17100
3317 19200
3318 29200
3319 16600
3320 16200
3321 11600
3322 19000
3323 22600
3324 19000
3325 20000
3326 13400
3327 18800
3328 9500
3329 14600
3330 21900
3331 16500
3332 11700
3333 19500
3334 11800
3335 21200
3336 12000
3337 18300
3338 20200
3339 17700
3340 12000
3341 14700
3342 15100
3343 18300
3344 21900
3345 21200
3346 35100
3347 15700
3348 19000
3349 26700
3350 27800
3351 22900
3352 17300
3353 11300
3354 95100
3355 21100
3356 16600
3357 10100
3358 16700
3359 15200
3360 19000
3361 18700
3362 16800
3363 18800
3364 36700
3365 17100
3366 19200
3367 18800
3368 18500
3369 9600
3370 18100
3371 17700
3372 21900
3373 18600
3374 18900
3375 18900
3376 18400
3377 29400
3378 26100
3379 12000
3380 18500
3381 12400
3382 14300
3383 12300
3384 17400
3385 15900
3386 14600
3387 14900
3388 17400
3389 21500
3390 16500
3391 16100
3392 15000
3393 19300
3394 28300
3395 17500
3396 18700
3397 11900
3398 17300
3399 14500
3400 17000
3401 20300
3402 11900
3403 12800
3404 45000
3405 12700
3406 28400
3407 20500
3408 17200
3409 20500
3410 27000
3411 28200
3412 48800
3413 84800
3414 21600
3415 19800
3416 17600
3417 13100
3418 18600
3419 19100
3420 17100
3421 18100
3422 18500
3423 18900
3424 18500
3425 12500
3426 13000
3427 12400
3428 20300
3429 11900
3430 18700
3431 19700
3432 18800
3433 12200
3434 14300
3435 19000
3436 12200
3437 18600
3438 16000
3439 18200
3440 18200
3441 12100
3442 18300
3443 19700
3444 18800
3445 18500
3446 16400
3447 12200
3448 18900
3449 18500
3450 18500
3451 19100
3452 18000
3453 12100
3454 12500
3455 32200
3456 28400
3457 20800
3458 18100
3459 13400
3460 20700
3461 12300
3462 17600
3463 14900
3464 13800
3465 13800
3466 20100
3467 21600
3468 25400
3469 25800
3470 21900
3471 20600
3472 45100
3473 16500
3474 19200
3475 19400
3476 19500
3477 17900
3478 12400
3479 18700
3480 18100
3481 12900
3482 16600
3483 12900
3484 13100
3485 12500
3486 12600
3487 12300
3488 20400
3489 12200
3490 12000
3491 20500
3492 20300
3493 20300
3494 12200
3495 15600
3496 18700
3497 12400
3498 12200
3499 19600
3500 12600
3501 17600
3502 15500
3503 12200
3504 12100
3505 12100
3506 19800
3507 18200
3508 28100
3509 12100
3510 17800
3511 12100
3512 22700
3513 10200
3514 19000
3515 39600
3516 12800
3517 12500
3518 13500
3519 12300
3520 20400
3521 18200
3522 12800
3523 60900
3524 20100
3525 19800
3526 30700
3527 24700
3528 35800
3529 21800
3530 11000
3531 28600
3532 62300
3533 41300
3534 20800
3535 19000
3536 22100
3537 21000
3538 21900
3539 20500
3540 19500
3541 19800
3542 21000
3543 18600
3544 20600
3545 13600
3546 28000
3547 20200
3548 12600
3549 20400
3550 18900
3551 21700
3552 18100
3553 19800
3554 18700
3555 18000
3556 18700
3557 12800
3558 19600
3559 36400
3560 19200
3561 25000
3562 21600
3563 13300
3564 20400
3565 20600
3566 20400
3567 12800
3568 19200
3569 16300
3570 30600
3571 19500
3572 20200
3573 18700
3574 19700
3575 20300
3576 18300
3577 10300
3578 10200
3579 10200
3580 19200
3581 12700
3582 19000
3583 20600
3584 37800
3585 33600
3586 22300
3587 29600
3588 27700
3589 25200
3590 20400
3591 30900
3592 39900
3593 18100
3594 17700
3595 16700
3596 12800
3597 17500
3598 19500
3599 26700
3600 29800
3601 20400
3602 19800
3603 20400
3604 14800
3605 16200
3606 17100
3607 22800
3608 12900
3609 19100
3610 21300
3611 20800
3612 19300
3613 13000
3614 23500
3615 20900
3616 20800
3617 21300
3618 18900
3619 12500
3620 21100
3621 19500
3622 16900
3623 20400
3624 12500
3625 19500
3626 21400
3627 17500
3628 35600
3629 18900
3630 82000
3631 36100
3632 33100
3633 22500
3634 23100
3635 57600
3636 26100
3637 23600
3638 36800
3639 34500
3640 20200
3641 40500
3642 20300
3643 20500
3644 19600
3645 25200
3646 37300
3647 21400
3648 21900
3649 34200
3650 18600
3651 18500
3652 22000
3653 21000
3654 22200
3655 19700
3656 20200
3657 25100
3658 25100
3659 20000
3660 20900
3661 23200
3662 19000
3663 18900
3664 31100
3665 20500
3666 19400
3667 19000
3668 19900
3669 18900
3670 20200
3671 44800
3672 80800
3673 97700
3674 252100
3675 22500
3676 31900
3677 20800
3678 23800
3679 23300
3680 20300
3681 18400
3682 11700
3683 19200
3684 19700
3685 21500
3686 19900
3687 18900
3688 18000
3689 15200
3690 20600
3691 16900
3692 20100
3693 20700
3694 19500
3695 20400
3696 21600
3697 32000
3698 17900
3699 19900
3700 21500
3701 19300
3702 19000
3703 19100
3704 28800
3705 17000
3706 21900
3707 13000
3708 24500
3709 23600
3710 10400
3711 19300
3712 12800
3713 12500
3714 20600
3715 20600
3716 12500
3717 13900
3718 20100
3719 12600
3720 19200
3721 17400
3722 20800
3723 40000
3724 28600
3725 27100
3726 20700
3727 16900
3728 21300
3729 57900
3730 35700
3731 21500
3732 19400
3733 19300
3734 19600
3735 20700
3736 20300
3737 21400
3738 14600
3739 13400
3740 22200
3741 16000
3742 21500
3743 18600
3744 22800
3745 13400
3746 20900
3747 20100
3748 21100
3749 13300
3750 13300
3751 13200
3752 16800
3753 20700
3754 12600
3755 13000
3756 13200
3757 14300
3758 22400
3759 19800
3760 13500
3761 25600
3762 13700
3763 20400
3764 27400
3765 12900
3766 10600
3767 15400
3768 13000
3769 12900
3770 26800
3771 19800
3772 34800
3773 24700
3774 13000
3775 19100
3776 17600
3777 17400
3778 34000
3779 21200
3780 23500
3781 33800
3782 19800
3783 24700
3784 42600
3785 20900
3786 42300
3787 61900
3788 30600
3789 28000
3790 19900
3791 18500
3792 19700
3793 13300
3794 20000
3795 16600
3796 21300
3797 22400
3798 42100
3799 13900
3800 20600
3801 13200
3802 20000
3803 19000
3804 13400
3805 20300
3806 31500
3807 20800
3808 13300
3809 13000
3810 20800
3811 13500
3812 19700
3813 32000
3814 21800
3815 23500
3816 20100
3817 22500
3818 20100
3819 21300
3820 23000
3821 13800
3822 13300
3823 16000
3824 22400
3825 22100
3826 13900
3827 20000
3828 23800
3829 16200
3830 22300
3831 20600
3832 13200
3833 2225900
3834 34300
3835 25600
3836 31100
3837 18900
3838 18200
3839 18800
3840 15200
3841 21100
3842 18000
3843 18100
3844 18200
3845 16900
3846 19600
3847 13000
3848 16600
3849 17700
3850 17900
3851 19900
3852 20300
3853 16000
3854 20600
3855 20500
3856 16500
3857 20500
3858 17800
3859 18600
3860 17200
3861 16800
3862 15300
3863 16200
3864 17500
3865 10900
3866 11000
3867 12200
3868 10900
3869 15700
3870 11000
3871 29600
3872 12200
3873 11100
3874 19800
3875 20200
3876 13300
3877 22200
3878 18800
3879 30900
3880 13200
3881 19800
3882 21000
3883 19200
3884 13000
3885 21000
3886 22300
3887 22400
3888 20700
3889 23500
3890 37500
3891 14600
3892 29300
3893 33800
3894 33900
3895 20700
3896 39300
3897 24300
3898 21600
3899 19600
3900 44700
3901 30700
3902 22000
3903 30200
3904 19500
3905 19600
3906 15900
3907 22100
3908 22800
3909 23400
3910 22500
3911 13500
3912 21400
3913 12800
3914 11100
3915 17000
3916 17700
3917 13000
3918 17600
3919 17900
3920 17400
3921 11100
3922 12600
3923 18000
3924 11100
3925 21000
3926 16700
3927 11300
3928 17200
3929 11200
3930 17600
3931 11100
3932 19100
3933 18200
3934 11100
3935 18100
3936 17100
3937 11100
3938 16100
3939 18800
3940 17500
3941 17800
3942 11800
3943 11100
3944 18400
3945 18000
3946 11200
3947 12600
3948 18400
3949 11800
3950 31500
3951 33400
3952 23000
3953 34100
3954 48600
3955 16700
3956 22100
3957 22200
3958 11400
3959 14700
3960 15600
3961 11100
3962 11200
3963 11200
3964 21800
3965 28600
3966 17900
3967 11100
3968 16800
3969 17900
3970 11200
3971 18500
3972 11100
3973 18300
3974 17900
3975 25100
3976 19800
3977 11200
3978 11300
3979 14100
3980 11200
3981 20900
3982 11200
3983 18300
3984 19400
3985 20600
3986 11200
3987 11200
3988 17400
3989 28900
3990 18400
3991 18000
3992 17000
3993 23900
3994 12800
3995 17100
3996 17200
3997 11200
3998 19000
3999 14300
4000 20500
4001 18200
4002 17600
4003 17700
4004 18200
4005 11400
4006 40200
4007 17000
4008 19000
4009 18500
4010 16700
4011 26600
4012 28300
4013 44500
4014 33700
4015 30300
4016 16600
4017 32400
4018 20300
4019 18000
4020 19700
4021 21300
4022 17600
4023 42300
4024 19600
4025 22400
4026 18800
4027 18900
4028 19100
4029 19500
4030 22000
4031 18500
4032 18700
4033 18500
4034 19600
4035 18100
4036 18300
4037 18800
4038 14300
4039 19600
4040 22100
4041 33700
4042 119600
4043 18000
4044 11800
4045 11800
4046 19300
4047 19500
4048 22900
4049 32200
4050 17000
4051 18100
4052 11500
4053 19600
4054 17200
4055 18800
4056 58100
4057 16100
4058 22900
4059 25400
4060 22500
4061 12200
4062 19000
4063 26800
4064 44800
4065 19200
4066 18700
4067 21500
4068 21300
4069 18800
4070 11600
4071 20000
4072 26800
4073 11500
4074 22800
4075 11600
4076 22000
4077 21300
4078 25300
4079 19100
4080 19100
4081 18900
4082 20700
4083 22900
4084 32200
4085 21600
4086 112900
4087 59800
4088 22200
4089 21700
4090 26400
4091 22100
4092 23000
4093 20200
4094 27000
4095 20100
4096 51000
4097 26300
4098 19500
4099 20700
4100 21400
4101 35500
4102 21000
4103 22900
4104 41000
4105 27100
4106 30300
4107 27200
4108 25600
4109 21700
4110 20500
4111 22400
4112 19300
4113 21200
4114 31300
4115 21000
4116 23900
4117 19400
4118 20400
4119 12600
4120 19300
4121 18400
4122 11800
4123 17200
4124 18700
4125 26100
4126 11900
4127 18500
4128 18700
4129 14800
4130 17300
4131 19200
4132 12900
4133 30600
4134 19800
4135 17900
4136 18200
4137 19400
4138 18900
4139 20200
4140 11700
4141 18800
4142 19200
4143 18500
4144 11800
4145 19600
4146 25100
4147 19000
4148 19500
4149 21900
4150 21700
4151 16400
4152 13300
4153 30600
4154 19400
4155 13700
4156 20700
4157 45300
4158 22800
4159 13800
4160 13600
4161 63200
4162 20300
4163 13200
4164 15700
4165 18900
4166 12100
4167 12000
4168 25800
4169 18300
4170 27400
4171 19100
4172 15900
4173 12700
4174 29000
4175 18800
4176 21600
4177 16900
4178 19200
4179 11800
4180 18200
4181 19700
4182 16600
4183 18700
4184 19600
4185 19100
4186 29300
4187 17900
4188 19100
4189 19400
4190 18900
4191 19100
4192 19100
4193 11600
4194 17200
4195 16400
4196 18400
4197 20400
4198 19700
4199 34200
4200 20600
4201 18700
4202 11800
4203 19800
4204 37200
4205 12000
4206 11700
4207 16300
4208 17500
4209 18300
4210 12300
4211 31300
4212 19500
4213 20200
4214 67600
4215 24800
4216 28900
4217 45800
4218 26700
4219 15900
4220 27400
4221 19100
4222 19000
4223 19600
4224 17800
4225 19100
4226 19900
4227 27500
4228 19300
4229 17500
4230 18300
4231 12400
4232 18200
4233 12000
4234 20100
4235 12000
4236 19400
4237 11900
4238 19200
4239 18000
4240 11900
4241 18900
4242 18600
4243 20000
4244 19300
4245 11800
4246 18300
4247 11900
4248 22500
4249 17800
4250 19700
4251 12000
4252 20600
4253 13200
4254 20800
4255 17100
4256 19500
4257 20600
4258 17800
4259 21700
4260 12600
4261 11900
4262 19000
4263 20100
4264 18600
4265 12500
4266 12100
4267 17900
4268 18500
4269 21600
4270 18500
4271 18500
4272 21700
4273 23400
4274 73600
4275 13000
4276 31400
4277 22600
4278 65800
4279 14400
4280 19200
4281 20800
4282 19800
4283 20000
4284 13800
4285 12300
4286 19200
4287 11900
4288 15100
4289 28900
4290 12000
4291 18800
4292 19600
4293 17300
4294 21200
4295 19700
4296 12200
4297 20700
4298 19600
4299 20800
4300 23900
4301 16600
4302 17700
4303 21400
4304 16000
4305 12200
4306 19400
4307 12000
4308 12100
4309 19500
4310 12700
4311 19000
4312 19400
4313 21100
4314 12100
4315 48700
4316 12900
4317 12000
4318 18700
4319 19700
4320 19500
4321 12100
4322 18200
4323 17200
4324 19200
4325 29300
4326 30100
4327 37000
4328 22300
4329 20800
4330 17700
4331 18300
4332 17700
4333 31700
4334 19500
4335 21600
4336 12700
4337 20700
4338 19700
4339 20200
4340 19200
4341 19100
4342 20600
4343 12000
4344 19600
4345 12100
4346 18500
4347 12400
4348 20000
4349 20000
4350 21200
4351 19600
4352 18000
4353 19900
4354 12300
4355 17900
4356 20500
4357 20100
4358 19500
4359 14300
4360 19500
4361 19800
4362 19800
4363 12200
4364 30000
4365 19200
4366 20600
4367 21000
4368 20300
4369 19700
4370 18300
4371 12400
4372 12400
4373 20200
4374 20600
4375 19200
4376 12200
4377 12100
4378 14000
4379 21300
4380 20800
4381 18900
4382 19200
4383 19100
4384 20100
4385 21600
4386 22000
4387 35400
4388 17900
4389 31800
4390 42600
4391 18900
4392 20500
4393 88600
4394 22700
4395 21400
4396 20000
4397 12800
4398 32600
4399 35700
4400 30900
4401 17900
4402 12300
4403 18900
4404 12300
4405 18400
4406 20000
4407 19600
4408 19900
4409 17800
4410 18000
4411 12300
4412 20600
4413 18400
4414 21100
4415 19400
4416 12300
4417 20200
4418 20000
4419 20200
4420 20600
4421 20000
4422 22000
4423 19800
4424 19400
4425 20800
4426 18200
4427 18800
4428 19900
4429 17900
4430 12500
4431 19800
4432 20200
4433 20800
4434 20400
4435 19400
4436 13900
4437 12400
4438 17100
4439 31100
4440 15500
4441 12500
4442 20500
4443 12400
4444 17400
4445 16100
4446 12800
4447 30900
4448 14000
4449 18800
4450 15800
4451 26300
4452 19000
4453 39900
4454 16800
4455 22100
4456 36100
4457 12800
4458 22000
4459 20300
4460 12400
4461 21500
4462 12400
4463 14500
4464 20700
4465 34300
4466 20400
4467 12400
4468 19600
4469 25700
4470 19700
4471 12600
4472 12500
4473 15500
4474 18200
4475 21400
4476 20500
4477 18500
4478 20500
4479 22300
4480 20100
4481 12500
4482 20700
4483 19700
4484 21600
4485 18000
4486 12500
4487 20200
4488 21400
4489 18500
4490 22200
4491 12600
4492 12500
4493 12700
4494 12600
4495 20400
4496 20000
4497 12600
4498 19600
4499 12500
4500 19100
4501 20900
4502 12600
4503 19600
4504 12600
4505 22200
4506 20500
4507 21500
4508 19200
4509 20600
4510 24700
4511 26700
4512 27000
4513 33200
4514 32800
4515 75700
4516 14500
4517 18400
4518 34200
4519 20000
4520 18000
4521 31900
4522 19500
4523 20600
4524 12800
4525 12600
4526 35100
4527 21600
4528 20600
4529 19000
4530 12800
4531 20100
4532 31500
4533 18400
4534 19700
4535 21100
4536 32500
4537 20200
4538 20800
4539 19900
4540 32600
4541 19300
4542 20100
4543 22200
4544 20600
4545 13000
4546 17100
4547 21500
4548 22900
4549 12700
4550 20400
4551 12700
4552 12600
4553 20100
4554 21600
4555 12900
4556 20000
4557 12700
4558 18000
4559 13200
4560 22500
4561 12600
4562 22600
4563 20300
4564 20100
4565 13600
4566 19300
4567 17200
4568 20400
4569 24500
4570 22200
4571 22900
4572 26200
4573 20200
4574 22200
4575 19500
4576 28800
4577 20200
4578 12800
4579 23400
4580 12700
4581 22900
4582 20500
4583 12700
4584 12800
4585 31500
4586 18300
4587 12800
4588 12800
4589 22600
4590 12700
4591 20100
4592 23500
4593 19100
4594 13600
4595 13600
4596 20300
4597 21500
4598 35000
4599 12900
4600 21000
4601 20300
4602 20100
4603 13100
4604 21900
4605 13200
4606 20900
4607 20900
4608 17100
4609 23300
4610 20700
4611 20700
4612 12900
4613 12800
4614 21700
4615 29100
4616 21100
4617 12900
4618 21500
4619 22100
4620 13000
4621 20900
4622 12800
4623 20500
4624 18400
4625 36900
4626 20400
4627 21100
4628 22100
4629 39100
4630 29900
4631 15200
4632 32600
4633 40700
4634 15500
4635 18800
4636 13100
4637 13100
4638 12900
4639 14600
4640 20800
4641 22700
4642 13100
4643 13200
4644 22300
4645 24500
4646 91700
4647 241400
4648 26600
4649 49100
4650 21200
4651 13400
4652 21900
4653 23400
4654 16600
4655 21300
4656 21600
4657 21200
4658 21100
4659 21600
4660 14600
4661 19500
4662 24300
4663 24300
4664 44600
4665 19800
4666 22400
4667 15500
4668 22600
4669 22700
4670 22400
4671 21500
4672 24100
4673 24000
4674 14200
4675 28200
4676 20500
4677 20400
4678 21800
4679 19900
4680 45700
4681 42200
4682 26000
4683 56200
4684 273800
4685 22500
4686 118600
4687 39600
4688 20700
4689 20800
4690 22300
4691 22600
4692 14900
4693 24600
4694 27100
4695 27700
4696 23400
4697 20800
4698 36600
4699 20600
4700 22500
4701 46000
4702 27600
4703 25400
4704 29200
4705 31400
4706 24000
4707 24300
4708 21500
4709 24600
4710 21300
4711 34600
4712 15500
4713 20300
4714 25000
4715 15500
4716 24000
4717 20800
4718 20800
4719 21000
4720 21200
4721 13200
4722 13100
4723 13300
4724 32300
4725 22000
4726 22800
4727 32400
4728 31700
4729 16600
4730 66400
4731 14400
4732 14200
4733 33200
4734 39200
4735 23100
4736 33200
4737 21400
4738 13300
4739 13300
4740 32700
4741 19100
4742 29300
4743 19200
4744 27500
4745 28900
4746 13300
4747 13300
4748 13300
4749 13200
4750 13100
4751 13300
4752 21900
4753 24200
4754 13200
4755 19400
4756 23200
4757 13400
4758 21200
4759 14200
4760 23100
4761 13500
4762 20300
4763 14500
4764 13700
4765 20100
4766 18600
4767 22400
4768 13200
4769 18700
4770 13300
4771 22100
4772 13400
4773 18900
4774 22500
4775 13300
4776 21300
4777 21900
4778 20300
4779 21500
4780 15200
4781 13400
4782 21600
4783 21000
4784 18800
4785 20600
4786 21700
4787 19200
4788 23600
4789 18600
4790 22500
4791 29100
4792 22200
4793 14000
4794 30400
4795 23300
4796 23600
4797 25000
4798 25200
4799 20800
4800 20300
4801 25200
4802 21700
4803 21200
4804 18400
4805 24200
4806 13600
4807 21200
4808 21800
4809 13400
4810 21800
4811 27800
4812 21700
4813 21300
4814 21800
4815 22100
4816 21800
4817 21500
4818 19700
4819 22200
4820 20900
4821 21900
4822 22000
4823 21400
4824 21500
4825 13800
4826 13600
4827 21900
4828 22500
4829 23500
4830 22200
4831 18500
4832 14500
4833 21900
4834 23200
4835 13600
4836 20500
4837 23100
4838 30400
4839 15400
4840 15300
4841 19300
4842 22900
4843 22800
4844 18200
4845 21200
4846 14000
4847 14400
4848 20600
4849 43400
4850 31800
4851 41000
4852 38800
4853 27900
4854 31000
4855 20500
4856 13800
4857 23300
4858 13700
4859 13400
4860 13500
4861 21200
4862 21600
4863 19100
4864 14000
4865 13500
4866 13600
4867 33000
4868 21700
4869 19200
4870 22700
4871 20600
4872 21900
4873 21000
4874 13500
4875 13600
4876 21700
4877 28200
4878 13600
4879 13500
4880 22300
4881 22100
4882 18700
4883 23300
4884 16800
4885 44700
4886 22000
4887 32100
4888 20900
4889 20700
4890 32500
4891 17700
4892 20500
4893 13500
4894 17100
4895 20400
4896 23300
4897 16400
4898 33700
4899 21500
4900 13600
4901 13800
4902 21200
4903 19100
4904 21900
4905 21700
4906 33000
4907 30200
4908 38300
4909 70100
4910 22800
4911 43500
4912 26400
4913 29300
4914 19700
4915 22200
4916 21800
4917 21700
4918 22000
4919 13700
4920 23500
4921 19300
4922 13700
4923 21000
4924 37200
4925 33300
4926 13700
4927 34100
4928 22400
4929 33700
4930 13800
4931 20900
4932 21700
4933 23900
4934 13700
4935 20900
4936 19600
4937 21500
4938 13700
4939 24800
4940 22900
4941 19300
4942 19700
4943 23500
4944 13600
4945 13800
4946 13800
4947 21700
4948 19300
4949 21500
4950 22800
4951 22200
4952 21600
4953 13700
4954 23100
4955 19700
4956 26400
4957 21900
4958 22200
4959 22200
4960 15000
4961 22200
4962 28000
4963 21500
4964 17600
4965 25400
4966 21400
4967 25900
4968 27800
4969 22800
4970 36200
4971 24800
4972 22900
4973 14400
4974 14200
4975 22000
4976 19500
4977 19300
4978 21600
4979 20000
4980 14300
4981 22000
4982 22500
4983 24600
4984 26400
4985 22300
4986 33100
4987 13700
4988 21100
4989 13800
4990 13900
4991 26500
4992 13900
4993 22600
4994 23400
4995 19400
4996 13800
4997 21500
4998 14300
4999 19600
