1 123500
2 9400
3 5000
4 8800
5 15700
6 9600
7 24100
8 33800
9 26200
10 127900
11 34300
12 12800
13 85200
14 20600
15 13700
16 21500
17 43400
18 30400
19 31900
20 59900
21 38700
22 26000
23 25000
24 20100
25 27900
26 12500
27 36700
28 49100
29 32700
30 87700
31 47600
32 32200
33 32100
34 160900
35 210500
36 24900
37 13700
38 114000
39 97100
40 51200
41 24900
42 8500
43 8100
44 9800
45 14800
46 38300
47 6400
48 10000
49 16500
50 11300
51 10500
52 14800
53 11000
54 13200
55 11500
56 17000
57 20500
58 32500
59 19700
60 45800
61 12600
62 84600
63 13500
64 126400
65 21200
66 44500
67 27500
68 20600
69 5900
70 6800
71 6700
72 10200
73 10300
74 7400
75 8200
76 11200
77 11200
78 12400
79 8900
80 9200
81 8300
82 20300
83 13400
84 14600
85 43300
86 10900
87 9200
88 17800
89 28500
90 101900
91 19200
92 15700
93 35700
94 46000
95 66500
96 37700
97 13700
98 40500
99 19700
100 24400
101 13800
102 17600
103 13900
104 15600
105 56700
106 17700
107 16300
108 25700
109 18300
110 9300
111 18000
112 15400
113 21000
114 36400
115 38100
116 78500
117 9700
118 29500
119 30800
120 16100
121 16000
122 17000
123 13100
124 17700
125 22100
126 20900
127 18800
128 19300
129 21500
130 23800
131 20900
132 26300
133 21700
134 28000
135 20300
136 31200
137 17500
138 26000
139 20500
140 77100
141 294500
142 64300
143 22400
144 40300
145 54600
146 40800
147 61600
148 38500
149 22400
150 21500
151 28100
152 74400
153 31400
154 25400
155 32900
156 26100
157 29100
158 23000
159 30100
160 46400
161 21700
162 264400
163 32300
164 24000
165 47800
166 159300
167 56600
168 28500
169 23800
170 25800
171 21600
172 17300
173 29000
174 63800
175 25300
176 23500
177 29100
178 26400
179 23800
180 26100
181 25300
182 26700
183 28600
184 83900
185 24400
186 39200
187 42100
188 25100
189 87100
190 55100
191 32000
192 28100
193 34500
194 31500
195 98200
196 26100
197 79100
198 38800
199 28000
200 27500
201 28600
202 30800
203 28700
204 33200
205 32400
206 28900
207 38600
208 28700
209 31400
210 31500
211 34800
212 49700
213 25300
214 26100
215 52700
216 25700
217 27800
218 21200
219 47900
220 30600
221 68800
222 56000
223 30100
224 74200
225 34900
226 46500
227 28800
228 28300
229 27700
230 84700
231 30200
232 29200
233 31500
234 30300
235 32700
236 32800
237 21000
238 45200
239 29100
240 32500
241 22500
242 119400
243 29800
244 30900
245 31900
246 22300
247 22300
248 48200
249 32600
250 32100
251 57300
252 43100
253 38000
254 31200
255 32300
256 132400
257 35200
258 35200
259 27300
260 46600
261 65800
262 37300
263 31400
264 68200
265 65100
266 43400
267 44300
268 56200
269 73800
270 34700
271 41200
272 31000
273 31700
274 59400
275 70600
276 37600
277 58700
278 28600
279 26600
280 40000
281 35000
282 34200
283 52500
284 40000
285 27400
286 43500
287 40100
288 43700
289 43300
290 37600
291 53900
292 44600
293 49200
294 35500
295 40700
296 43600
297 73500
298 61300
299 43700
300 79000
301 44500
302 107800
303 84800
304 141200
305 70600
306 67200
307 60800
308 68200
309 68000
310 80000
311 67000
312 39600
313 32100
314 51200
315 46100
316 128400
317 47400
318 47700
319 51200
320 49500
321 49600
322 48400
323 66700
324 53200
325 77800
326 65000
327 67900
328 70900
329 52800
330 61400
331 65800
332 54100
333 54700
334 58900
335 62100
336 139700
337 52600
338 211400
339 93600
340 55800
341 74000
342 76400
343 108400
344 54100
345 61100
346 54800
347 37300
348 81300
349 71800
350 54700
351 83000
352 73800
353 86600
354 84400
355 66500
356 61600
357 60200
358 40800
359 63900
360 40900
361 52300
362 81400
363 62800
364 85600
365 58800
366 73600
367 75100
368 58900
369 88100
370 189400
371 78200
372 68400
373 62500
374 88300
375 44900
376 64600
377 100200
378 63600
379 63600
380 67200
381 68400
382 55000
383 84600
384 79400
385 59400
386 82100
387 87900
388 80600
389 142100
390 102200
391 61000
392 73700
393 86800
394 74200
395 78700
396 82100
397 50200
398 77500
399 138700
400 72700
401 129700
402 164100
403 132900
404 137200
405 216700
406 72300
407 159900
408 124700
409 88800
410 92700
411 76000
412 77100
413 102600
414 79900
415 65400
416 90800
417 49500
418 54500
419 101300
420 57500
421 109200
422 88500
423 97300
424 71400
425 132100
426 90200
427 81200
428 70600
429 368700
430 92400
431 89400
432 87900
433 134600
434 144300
435 253700
436 121400
437 67700
438 84700
439 61300
440 84100
441 84800
442 98300
443 69400
444 100400
445 132600
446 109200
447 124300
448 94200
449 86200
450 94400
451 93900
452 123700
453 110300
454 127500
455 91400
456 91500
457 110900
458 108900
459 109400
460 123600
461 98400
462 133800
463 124300
464 248600
465 136500
466 88600
467 74000
468 108900
469 108200
470 107200
471 124400
472 112900
473 115000
474 117000
475 70400
476 90200
477 109400
478 354100
479 103400
480 142300
481 290200
482 288800
483 128900
484 126400
485 170800
486 233700
487 188600
488 209400
489 142300
490 123900
491 127300
492 153600
493 131500
494 91000
495 233600
496 209800
497 223800
498 105800
499 138900
500 446500
501 251800
502 174900
503 216500
504 117500
505 129600
506 135000
507 130700
508 118200
509 135600
510 100200
511 182400
512 88100
513 206500
514 154800
515 160700
516 113800
517 91200
518 108200
519 85300
520 135400
521 130400
522 155100
523 115400
524 273800
525 180300
526 118800
527 110100
528 110800
529 107800
530 115000
531 190500
532 146700
533 94500
534 125700
535 121900
536 124100
537 107700
538 135300
539 136900
540 122000
541 97600
542 87700
543 111900
544 125000
545 130100
546 100800
547 115900
548 94100
549 119800
550 139300
551 97400
552 91800
553 120600
554 198300
555 88700
556 113100
557 154700
558 127100
559 189900
560 202500
561 332300
562 205400
563 141500
564 160700
565 189300
566 193200
567 153200
568 354600
569 92600
570 161300
571 117500
572 146500
573 117600
574 107000
575 142600
576 136400
577 115400
578 177600
579 128100
580 91300
581 135500
582 99900
583 166100
584 123900
585 106100
586 109300
587 114300
588 148500
589 170800
590 161400
591 266400
592 261600
593 157600
594 213800
595 163300
596 189800
597 271500
598 105400
599 1463100
600 73400
601 74400
602 72700
603 101500
604 144500
605 144200
606 108300
607 178300
608 158300
609 130800
610 70100
611 81000
612 112900
613 127600
614 76100
615 98400
616 67200
617 119400
618 134600
619 102000
620 120300
621 101700
622 236900
623 163600
624 80000
625 89500
626 120400
627 119900
628 267700
629 91200
630 79400
631 90200
632 125500
633 96700
634 111600
635 113000
636 75100
637 79500
638 69700
639 69300
640 114900
641 77500
642 80500
643 117800
644 107800
645 70600
646 113800
647 70700
648 119800
649 119700
650 71800
651 71800
652 72400
653 115200
654 118100
655 76800
656 106800
657 103700
658 120700
659 140600
660 195900
661 245500
662 256200
663 75800
664 96200
665 112100
666 155500
667 186000
668 116500
669 131400
670 98900
671 151600
672 76600
673 76000
674 98300
675 86100
676 82500
677 77300
678 131200
679 91100
680 143900
681 133100
682 92800
683 118100
684 78800
685 94000
686 85600
687 79300
688 79500
689 140600
690 95600
691 89300
692 128500
693 88900
694 153100
695 85900
696 108500
697 130400
698 114700
699 128000
700 118100
701 285300
702 285800
703 85200
704 103000
705 149100
706 150300
707 160600
708 221100
709 140500
710 95600
711 84100
712 124900
713 135300
714 95200
715 155000
716 143100
717 106200
718 86300
719 129500
720 93000
721 128400
722 90200
723 96100
724 131700
725 120600
726 124400
727 89200
728 119200
729 149800
730 166700
731 168500
732 101200
733 95100
734 144500
735 111300
736 114500
737 225400
738 299600
739 240300
740 132200
741 152600
742 130500
743 171000
744 136000
745 151300
746 153800
747 111500
748 93300
749 93800
750 173500
751 116100
752 130900
753 159500
754 108000
755 156900
756 166500
757 105200
758 156300
759 100900
760 114300
761 101400
762 119100
763 119600
764 110400
765 159900
766 110500
767 158600
768 132800
769 119500
770 114700
771 110300
772 115100
773 115900
774 136900
775 161100
776 256600
777 448800
778 306700
779 270600
780 225300
781 266300
782 301700
783 392200
784 274500
785 215700
786 188900
787 182700
788 184200
789 172000
790 191200
791 176800
792 197700
793 226200
794 177300
795 267300
796 195300
797 179600
798 206800
799 174400
800 195400
801 213600
802 224200
803 187900
804 195500
805 193400
806 183400
807 236700
808 330800
809 476200
810 421000
811 219300
812 248700
813 288300
814 443000
815 223100
816 235800
817 211800
818 189900
819 366100
820 549000
821 333900
822 294400
823 216400
824 191900
825 236400
826 301900
827 231600
828 269800
829 206800
830 329900
831 275000
832 209300
833 312000
834 595200
835 408300
836 787300
837 445300
838 347900
839 448000
840 335900
841 364100
842 280500
843 309600
844 302200
845 360000
846 299700
847 357600
848 379000
849 325700
850 881000
851 932300
852 6797600
853 344800
854 351800
855 220400
856 245300
857 210400
858 211100
859 298100
860 357700
861 1251500
862 641700
863 353600
864 2459900
865 188100
866 220300
867 246500
868 329900
869 302500
870 228900
871 196500
872 308300
873 292800
874 554900
875 482600
876 240300
877 262500
878 213500
879 350600
880 253800
881 633400
882 255200
883 219600
884 622500
885 246900
886 139800
887 262400
888 153300
889 271400
890 239700
891 174900
892 232200
893 173300
894 248400
895 254900
896 257200
897 205300
898 279300
899 391600
900 310600
901 239800
902 255400
903 302000
904 184500
905 235400
906 224200
907 186800
908 250900
909 221900
910 477700
911 185800
912 167800
913 292200
914 258100
915 179600
916 245500
917 244300
918 264800
919 237400
920 360100
921 360000
922 647500
923 391500
924 413000
925 317200
926 481800
927 296300
928 297300
929 322300
930 328700
931 178800
932 237700
933 295100
934 293000
935 254700
936 409300
937 288700
938 264300
939 345900
940 262600
941 478800
942 213400
943 244200
944 256700
945 281200
946 305300
947 279800
948 345000
949 309000
950 262700
951 271400
952 369600
953 206500
954 186100
955 243500
956 316700
957 295600
958 308500
959 215400
960 286000
961 187900
962 266300
963 285600
964 602400
965 498200
966 245000
967 288500
968 318700
969 353500
970 256200
971 315300
972 218100
973 189600
974 159700
975 208700
976 190300
977 180600
978 272600
979 290400
980 177500
981 264700
982 161600
983 242600
984 230800
985 255600
986 218600
987 224100
988 285500
989 295400
990 255400
991 410800
992 590100
993 282300
994 241600
995 395300
996 582700
997 299600
998 175000
999 179300
1000 253300
1001 200300
1002 196900
1003 179800
1004 187900
1005 194400
1006 198100
1007 223700
1008 272800
1009 293700
1010 226100
1011 331800
1012 354400
1013 181300
1014 244900
1015 256300
1016 280900
1017 542000
1018 604700
1019 410900
1020 291500
1021 241300
1022 334100
1023 314500
1024 257600
1025 264400
1026 281000
1027 222400
1028 310300
1029 205600
1030 210000
1031 209500
1032 184000
1033 318300
1034 382900
1035 300500
1036 363100
1037 313900
1038 440900
1039 575000
1040 574600
1041 410200
1042 516200
1043 719100
1044 379800
1045 457900
1046 409600
1047 448800
1048 354800
1049 326500
1050 338800
1051 371300
1052 335400
1053 304700
1054 490800
1055 431200
1056 462500
1057 506100
1058 457700
1059 328800
1060 465200
1061 1278900
1062 872200
1063 412200
1064 376300
1065 463100
1066 511100
1067 426800
1068 341400
1069 313800
1070 383100
1071 459400
1072 355500
1073 319300
1074 524300
1075 438300
1076 813200
1077 432000
1078 465200
1079 712800
1080 498800
1081 374600
1082 453700
1083 362900
1084 5807200
1085 2966800
1086 529700
1087 566700
1088 1244700
1089 494100
1090 473400
1091 345400
1092 336400
1093 316400
1094 343700
1095 295500
1096 324900
1097 508900
1098 444500
1099 313500
1100 423500
1101 667300
1102 1024200
1103 620000
1104 337800
1105 504800
1106 560500
1107 329400
1108 338700
1109 353800
1110 332100
1111 357400
1112 379900
1113 527700
1114 553300
1115 731200
1116 605500
1117 578400
1118 573200
1119 607500
1120 1467400
1121 542200
1122 986800
1123 507700
1124 489400
1125 562700
1126 564900
1127 548400
1128 384000
1129 371500
1130 357800
1131 504000
1132 367400
1133 529000
1134 1030500
1135 628400
1136 470500
1137 539400
1138 669700
1139 399200
1140 353700
1141 387700
1142 405200
1143 1331600
1144 222100
1145 266000
1146 267600
1147 223500
1148 266000
1149 358000
1150 234700
1151 227500
1152 221800
1153 353500
1154 278900
1155 488900
1156 330400
1157 366300
1158 311300
1159 403100
1160 618600
1161 385000
1162 232100
1163 288200
1164 242800
1165 244800
1166 257700
1167 269000
1168 260300
1169 236300
1170 335000
1171 284900
1172 240100
1173 240500
1174 292600
1175 261200
1176 337400
1177 228800
1178 253100
1179 343900
1180 348000
1181 368900
1182 351100
1183 386800
1184 324200
1185 365100
1186 312400
1187 260100
1188 382300
1189 235400
1190 327200
1191 323700
1192 271800
1193 293900
1194 279000
1195 325600
1196 252000
1197 261100
1198 272000
1199 274800
1200 264300
1201 246800
1202 243900
1203 335400
1204 302700
1205 256300
1206 286800
1207 262200
1208 388000
1209 318600
1210 724000
1211 320700
1212 281200
1213 350400
1214 546700
1215 456700
1216 248000
1217 403600
1218 261900
1219 247600
1220 560900
1221 289500
1222 278800
1223 258700
1224 275100
1225 281500
1226 270500
1227 303700
1228 267700
1229 290100
1230 272800
1231 272500
1232 266100
1233 327800
1234 264300
1235 287300
1236 449500
1237 682200
1238 477700
1239 470900
1240 425800
1241 454600
1242 453000
1243 285500
1244 285200
1245 271300
1246 284800
1247 294200
1248 308600
1249 329300
1250 255700
1251 267500
1252 385000
1253 378800
1254 344600
1255 343100
1256 285300
1257 310700
1258 391900
1259 973800
1260 624800
1261 429700
1262 359900
1263 673400
1264 488300
1265 297100
1266 301400
1267 325300
1268 284700
1269 293400
1270 283900
1271 267000
1272 281600
1273 366500
1274 303800
1275 271000
1276 348700
1277 325700
1278 283000
1279 295600
1280 272200
1281 260400
1282 264900
1283 374400
1284 420300
1285 675400
1286 384700
1287 459000
1288 519600
1289 298500
1290 295800
1291 290200
1292 281800
1293 288400
1294 334200
1295 305300
1296 287700
1297 334500
1298 407300
1299 354100
1300 363300
1301 317000
1302 303900
1303 291200
1304 288800
1305 296900
1306 289800
1307 317800
1308 372100
1309 530400
1310 563700
1311 464100
1312 533900
1313 397300
1314 371200
1315 492800
1316 508100
1317 371800
1318 304000
1319 518200
1320 338100
1321 325600
1322 304600
1323 336700
1324 329900
1325 296700
1326 306200
1327 567000
1328 573200
1329 565300
1330 2908600
1331 460700
1332 690000
1333 367000
1334 323400
1335 311700
1336 313900
1337 325000
1338 362500
1339 450400
1340 319100
1341 381200
1342 525600
1343 547100
1344 399800
1345 475500
1346 450800
1347 602100
1348 612900
1349 523700
1350 591900
1351 820100
1352 472000
1353 488300
1354 388800
1355 377200
1356 355600
1357 318600
1358 380200
1359 388400
1360 348700
1361 324200
1362 328400
1363 508400
1364 481400
1365 331300
1366 624100
1367 436000
1368 508000
1369 492900
1370 578300
1371 369000
1372 341400
1373 349100
1374 362600
1375 372900
1376 355400
1377 328800
1378 313400
1379 321800
1380 323000
1381 361200
1382 321100
1383 372300
1384 367900
1385 311800
1386 342000
1387 326400
1388 425900
1389 544400
1390 742800
1391 470500
1392 485800
1393 568900
1394 373200
1395 411800
1396 371200
1397 319600
1398 355100
1399 394000
1400 332100
1401 347100
1402 436100
1403 384500
1404 349100
1405 344300
1406 343000
1407 358900
1408 339000
1409 344700
1410 333200
1411 376700
1412 460700
1413 600000
1414 747400
1415 501100
1416 353000
1417 438500
1418 343700
1419 348600
1420 422500
1421 377600
1422 346800
1423 388300
1424 332000
1425 358400
1426 414200
1427 444700
1428 391200
1429 347100
1430 370000
1431 414200
1432 374700
1433 502000
1434 446700
1435 801100
1436 565700
1437 499900
1438 409400
1439 386500
1440 399800
1441 361700
1442 358100
1443 406500
1444 389900
1445 341600
1446 408600
1447 397900
1448 368300
1449 400200
1450 416100
1451 401700
1452 377000
1453 397400
1454 344400
1455 466300
1456 890600
1457 453600
1458 505700
1459 617700
1460 445600
1461 418600
1462 401600
1463 372500
1464 385800
1465 367300
1466 397000
1467 382000
1468 403000
1469 351500
1470 372500
1471 374200
1472 412300
1473 352500
1474 401900
1475 411500
1476 392600
1477 3335500
1478 739500
1479 406200
1480 634300
1481 621100
1482 569500
1483 443000
1484 453700
1485 436100
1486 386200
1487 451300
1488 389200
1489 373800
1490 635800
1491 635400
1492 444000
1493 601900
1494 774800
1495 699100
1496 699900
1497 562300
1498 436100
1499 401800
1500 388000
1501 398600
1502 492400
1503 513000
1504 596400
1505 649200
1506 564100
1507 394400
1508 426800
1509 1388000
1510 1449200
1511 858700
1512 606300
1513 570000
1514 665100
1515 855200
1516 670100
1517 661800
1518 881400
1519 895700
1520 744800
1521 665000
1522 556700
1523 586000
1524 645600
1525 699500
1526 525800
1527 539500
1528 478600
1529 622000
1530 559100
1531 1433600
1532 1208300
1533 773300
1534 772200
1535 548600
1536 619900
1537 520900
1538 611600
1539 661400
1540 525700
1541 817100
1542 918800
1543 773900
1544 1255900
1545 549600
1546 708200
1547 867500
1548 480100
1549 680900
1550 566000
1551 536800
1552 477900
1553 580500
1554 525600
1555 405500
1556 864300
1557 1347000
1558 962700
1559 935300
1560 690000
1561 543200
1562 555300
1563 740600
1564 540400
1565 624600
1566 779300
1567 716600
1568 843100
1569 1316800
1570 1257000
1571 474700
1572 1607500
1573 809800
1574 624000
1575 567200
1576 478700
1577 461100
1578 774800
1579 741900
1580 874900
1581 1223800
1582 1484700
1583 1041200
1584 471200
1585 558200
1586 478800
1587 521000
1588 567300
1589 523600
1590 553900
1591 698400
1592 1108200
1593 1020800
1594 1038000
1595 3841320
1596 809400
1597 1113500
1598 1252900
1599 734800
1600 2418600
1601 745200
1602 662100
1603 998100
1604 932600
1605 1448400
1606 932100
1607 880100
1608 968300
1609 708100
1610 647700
1611 798200
1612 1192700
1613 748400
1614 641000
1615 459600
1616 441900
1617 474400
1618 525400
1619 699200
1620 463100
1621 680800
1622 497300
1623 489100
1624 454000
1625 450900
1626 482000
1627 470700
1628 564100
1629 940000
1630 2951600
1631 932200
1632 864700
1633 557600
1634 527000
1635 536300
1636 754900
1637 877300
1638 710600
1639 666500
1640 877700
1641 853000
1642 1206300
1643 936300
1644 469200
1645 521100
1646 540500
1647 468800
1648 569500
1649 568600
1650 532800
1651 450400
1652 731000
1653 489100
1654 477300
1655 481800
1656 464200
1657 552300
1658 608300
1659 1296100
1660 963100
1661 744400
1662 690500
1663 550100
1664 448800
1665 459500
1666 495800
1667 505900
1668 507200
1669 483500
1670 466700
1671 555900
1672 473900
1673 472000
1674 575900
1675 520400
1676 909600
1677 824000
1678 974900
1679 953300
1680 637200
1681 483100
1682 483400
1683 471800
1684 523400
1685 512600
1686 479300
1687 539600
1688 461700
1689 492700
1690 494200
1691 475700
1692 499600
1693 883100
1694 715100
1695 809300
1696 926800
1697 964700
1698 569100
1699 661200
1700 665700
1701 484000
1702 520900
1703 470500
1704 504500
1705 502800
1706 500400
1707 1576700
1708 666600
1709 805900
1710 809600
1711 981500
1712 744400
1713 538700
1714 534300
1715 547800
1716 504700
1717 521200
1718 567400
1719 511500
1720 563400
1721 555200
1722 497400
1723 546600
1724 590100
1725 905400
1726 752700
1727 1191300
1728 1110900
1729 683700
1730 485300
1731 588200
1732 479800
1733 475800
1734 546800
1735 524500
1736 513100
1737 569200
1738 494800
1739 501100
1740 521600
1741 538700
1742 1133100
1743 1079600
1744 1246400
1745 616500
1746 524700
1747 506000
1748 541700
1749 522700
1750 675100
1751 537300
1752 516900
1753 558200
1754 530300
1755 503800
1756 593100
1757 710300
1758 764200
1759 1636300
1760 874400
1761 811400
1762 588100
1763 551600
1764 535100
1765 502500
1766 509000
1767 544100
1768 595500
1769 509300
1770 547000
1771 601800
1772 854100
1773 1126500
1774 901300
1775 998300
1776 570200
1777 543300
1778 650100
1779 623400
1780 598200
1781 574200
1782 567100
1783 530300
1784 546200
1785 576500
1786 522300
1787 822600
1788 1106300
1789 1151700
1790 817400
1791 805200
1792 661000
1793 574200
1794 539700
1795 554100
1796 1003700
1797 943900
1798 551500
1799 996100
1800 793200
1801 855100
1802 4488300
1803 861600
1804 611800
1805 614500
1806 600500
1807 582300
1808 594500
1809 517700
1810 638200
1811 580300
1812 590800
1813 527900
1814 802100
1815 885100
1816 602700
1817 916300
1818 661000
1819 533300
1820 594700
1821 551900
1822 540100
1823 532100
1824 584900
1825 613600
1826 578000
1827 609200
1828 634900
1829 561100
1830 741000
1831 1421200
1832 773000
1833 934900
1834 629100
1835 624000
1836 624400
1837 555600
1838 987200
1839 603900
1840 948600
1841 631600
1842 541300
1843 575300
1844 664700
1845 946000
1846 1158300
1847 1415500
1848 585000
1849 607800
1850 1023600
1851 1026400
1852 624700
1853 575500
1854 622400
1855 846100
1856 588900
1857 622800
1858 956200
1859 978600
1860 1124900
1861 876200
1862 607400
1863 580700
1864 644600
1865 567900
1866 562900
1867 560500
1868 585800
1869 625100
1870 605200
1871 659200
1872 671000
1873 583300
1874 903700
1875 2292600
1876 759700
1877 620300
1878 680400
1879 577100
1880 620400
1881 637200
1882 567400
1883 614100
1884 654600
1885 661300
1886 593900
1887 787400
1888 3582100
1889 798700
1890 639900
1891 667500
1892 626400
1893 595400
1894 613300
1895 607000
1896 624100
1897 663600
1898 579200
1899 657900
1900 619400
1901 673500
1902 1267800
1903 1595900
1904 1037300
1905 897800
1906 616800
1907 673500
1908 718800
1909 599800
1910 644200
1911 602500
1912 629500
1913 624200
1914 633700
1915 766300
1916 899300
1917 1436000
1918 913200
1919 693800
1920 662100
1921 683500
1922 616900
1923 655400
1924 1091500
1925 1084500
1926 1095200
1927 1103600
1928 1079600
1929 1355900
1930 1033400
1931 1130200
1932 695200
1933 1185500
1934 1059700
1935 1179800
1936 648100
1937 720000
1938 651400
1939 692200
1940 1506200
1941 1602000
1942 889500
1943 1396000
1944 3609800
1945 1257200
1946 1378000
1947 1012200
1948 1190800
1949 1211600
1950 739300
1951 1876800
1952 1171800
1953 1704000
1954 2199200
1955 805800
1956 1100200
1957 831100
1958 721300
1959 1108400
1960 644700
1961 666700
1962 920900
1963 1421900
1964 1848900
1965 968100
1966 1200700
1967 1308200
1968 3309300
1969 1605700
1970 1770500
1971 2653900
1972 1499200
1973 1041100
1974 1075500
1975 1615100
1976 1122800
1977 1441200
1978 1621800
1979 2338700
1980 2276000
1981 1851800
1982 1434900
1983 1093100
1984 1117700
1985 1039200
1986 1207300
1987 1665900
1988 1908300
1989 1225900
1990 1090300
1991 1060000
1992 1084600
1993 1091600
1994 831200
1995 660500
1996 752500
1997 1088700
1998 1240300
1999 1168100
2000 1135900
2001 1006900
2002 713900
2003 658600
2004 670500
2005 663100
2006 632900
2007 1112100
2008 785200
2009 964600
2010 1126300
2011 833800
2012 720100
2013 648900
2014 657200
2015 673300
2016 753000
2017 671300
2018 665800
2019 656500
2020 697300
2021 661400
2022 688900
2023 942900
2024 1379600
2025 1593300
2026 800700
2027 664300
2028 683000
2029 714700
2030 670600
2031 661300
2032 670000
2033 673700
2034 661500
2035 665700
2036 726300
2037 712800
2038 967900
2039 1355400
2040 1714200
2041 970600
2042 708300
2043 956800
2044 721100
2045 693700
2046 676300
2047 712800
2048 712000
2049 764600
2050 739900
2051 734400
2052 814800
2053 1206700
2054 1794100
2055 744600
2056 1698500
2057 757000
2058 693300
2059 679300
2060 762100
2061 697600
2062 692800
2063 721000
2064 865000
2065 1278600
2066 1620000
2067 1253300
2068 732800
2069 707000
2070 726900
2071 714200
2072 724900
2073 711900
2074 739300
2075 687200
2076 775400
2077 833500
2078 1116000
2079 1199800
2080 1270600
2081 750600
2082 749300
2083 712400
2084 1178300
2085 740300
2086 744900
2087 783700
2088 837800
2089 739300
2090 990200
2091 1350400
2092 1593500
2093 1246700
2094 729500
2095 700900
2096 767400
2097 721500
2098 797600
2099 781000
2100 701500
2101 713000
2102 796300
2103 1281200
2104 1586600
2105 1172600
2106 755200
2107 705400
2108 789800
2109 749600
2110 836300
2111 705000
2112 716600
2113 822700
2114 874100
2115 1440400
2116 1730500
2117 834200
2118 723900
2119 730700
2120 742000
2121 723000
2122 831600
2123 709000
2124 767300
2125 719300
2126 847300
2127 1210100
2128 1697400
2129 934500
2130 757200
2131 748800
2132 730000
2133 723300
2134 818000
2135 789800
2136 753000
2137 725400
2138 2552700
2139 909100
2140 973500
2141 989800
2142 791400
2143 823700
2144 802100
2145 772200
2146 733100
2147 744100
2148 728800
2149 743700
2150 920000
2151 1238000
2152 1650600
2153 838600
2154 788800
2155 814000
2156 834000
2157 732700
2158 752000
2159 785000
2160 840800
2161 819200
2162 876600
2163 1349100
2164 1752900
2165 827300
2166 771200
2167 811000
2168 744500
2169 783700
2170 800300
2171 757700
2172 778500
2173 795100
2174 746300
2175 971100
2176 1410800
2177 2058500
2178 808400
2179 931300
2180 762300
2181 756800
2182 760600
2183 819000
2184 788600
2185 760600
2186 813900
2187 829900
2188 1250700
2189 1755200
2190 865400
2191 798300
2192 770600
2193 793600
2194 789600
2195 820100
2196 845400
2197 806200
2198 839400
2199 778400
2200 1022200
2201 1289600
2202 953500
2203 846000
2204 767900
2205 776200
2206 775800
2207 804500
2208 778100
2209 861400
2210 774000
2211 775500
2212 920500
2213 1006500
2214 3151400
2215 847300
2216 792800
2217 802500
2218 848500
2219 814600
2220 817300
2221 844900
2222 854500
2223 775500
2224 975900
2225 1404000
2226 1165400
2227 814900
2228 811400
2229 867000
2230 837200
2231 908300
2232 855200
2233 847200
2234 806000
2235 911300
2236 1249900
2237 1418900
2238 893400
2239 831900
2240 914600
2241 808800
2242 853700
2243 804100
2244 814900
2245 874300
2246 815300
2247 825700
2248 1099300
2249 1820800
2250 1124000
2251 898200
2252 896100
2253 794300
2254 904000
2255 802100
2256 831900
2257 864000
2258 852800
2259 913500
2260 1088500
2261 1599000
2262 857000
2263 832000
2264 879700
2265 961000
2266 924100
2267 891400
2268 849800
2269 861300
2270 841500
2271 940700
2272 1550100
2273 1923200
2274 867200
2275 845000
2276 823900
2277 836000
2278 825800
2279 930000
2280 863700
2281 850500
2282 849800
2283 1040400
2284 1276000
2285 2790900
2286 818200
2287 884900
2288 831800
2289 833400
2290 841600
2291 836300
2292 853100
2293 923100
2294 940400
2295 1244700
2296 2036500
2297 865100
2298 900500
2299 861700
2300 886600
2301 868500
2302 902700
2303 852000
2304 1013300
2305 898400
2306 1164400
2307 1381400
2308 1485400
2309 872800
2310 925100
2311 950800
2312 867400
2313 1369200
2314 3789500
2315 1751800
2316 1519000
2317 1605100
2318 970000
2319 1405500
2320 1875700
2321 1194700
2322 1589500
2323 1991900
2324 1858000
2325 1467500
2326 1932000
2327 1788800
2328 918100
2329 1396200
2330 999400
2331 896500
2332 900400
2333 877000
2334 900100
2335 885000
2336 1102000
2337 2095200
2338 1173800
2339 890800
2340 868500
2341 898600
2342 869200
2343 873600
2344 872500
2345 936600
2346 942500
2347 1024300
2348 2279700
2349 952400
2350 949100
2351 918300
2352 1619700
2353 1932300
2354 932300
2355 930600
2356 957000
2357 1284400
2358 1581300
2359 990400
2360 933500
2361 883600
2362 970000
2363 904700
2364 966000
2365 910600
2366 919900
2367 964100
2368 1186400
2369 1917700
2370 918500
2371 962800
2372 969400
2373 944400
2374 993000
2375 977300
2376 915600
2377 947900
2378 900400
2379 1253400
2380 2279900
2381 941000
2382 1026200
2383 999900
2384 955400
2385 977400
2386 917200
2387 964400
2388 920800
2389 1035000
2390 1570900
2391 2059000
2392 1123900
2393 946100
2394 912000
2395 1006500
2396 981900
2397 921200
2398 954600
2399 958400
2400 990800
2401 1407100
2402 2141800
2403 939100
2404 935100
2405 933600
2406 960500
2407 939400
2408 983100
2409 980500
2410 973200
2411 988400
2412 1630100
2413 1538700
2414 1064100
2415 959500
2416 2364200
2417 991400
2418 961900
2419 985500
2420 925600
2421 1520900
2422 1976800
2423 1085500
2424 929600
2425 993900
2426 976400
2427 958000
2428 1073200
2429 964300
2430 938400
2431 1276500
2432 2227400
2433 1304400
2434 1014000
2435 943300
2436 980600
2437 948100
2438 982500
2439 941300
2440 1112300
2441 2083100
2442 2730300
2443 1240500
2444 1744100
2445 1897000
2446 1900500
2447 1922100
2448 2412400
2449 1748000
2450 1021200
2451 1047100
2452 1003800
2453 1433700
2454 1370000
2455 1618900
2456 2091100
2457 1853500
2458 1040800
2459 1681300
2460 1758300
2461 1133500
2462 1092100
2463 1676100
2464 2524000
2465 1013200
2466 1083400
2467 1739700
2468 1072000
2469 1077100
2470 1789600
2471 1075600
2472 1903400
2473 1758900
2474 1017600
2475 1019700
2476 1011200
2477 1958300
2478 1095000
2479 1113800
2480 1153000
2481 2127900
2482 1218200
2483 1114000
2484 1115600
2485 1179600
2486 1038900
2487 1017600
2488 1012100
2489 1014400
2490 1481600
2491 2306000
2492 1276500
2493 1052400
2494 1181200
2495 1727400
2496 1613600
2497 1131300
2498 2010500
2499 2646400
2500 1080500
2501 1415300
2502 1744200
2503 1219300
2504 1802700
2505 1891300
2506 2408900
2507 3424810
2508 1270800
2509 1065000
2510 1015700
2511 1098300
2512 1490600
2513 2274100
2514 2487300
2515 1851600
2516 1939200
2517 1350400
2518 1064600
2519 1091900
2520 1187900
2521 1855800
2522 1805200
2523 1214600
2524 1036100
2525 1785700
2526 1069300
2527 1096100
2528 1040600
2529 1056700
2530 1887500
2531 2039300
2532 2210400
2533 1060300
2534 1971700
2535 1047100
2536 1104300
2537 1022600
2538 1127700
2539 1885400
2540 1787200
2541 2191100
2542 1546700
2543 1067300
2544 1092800
2545 1140900
2546 1137900
2547 1876100
2548 2063500
2549 2343700
2550 1598800
2551 1082700
2552 1172300
2553 1119400
2554 1643000
2555 1880500
2556 1618700
2557 1376000
2558 2524900
2559 1354600
2560 1443700
2561 1263500
2562 1260500
2563 1398100
2564 1608300
2565 2010900
2566 2409600
2567 1244400
2568 1406500
2569 1706900
2570 1384300
2571 1294900
2572 1572300
2573 1951500
2574 1797900
2575 1163200
2576 1097500
2577 1134500
2578 1126800
2579 1092100
2580 1074000
2581 1109100
2582 1763200
2583 1922100
2584 1303700
2585 1141200
2586 1093200
2587 1088400
2588 1119500
2589 2429400
2590 1138000
2591 1162000
2592 1680100
2593 1855000
2594 1099300
2595 1077900
2596 1179800
2597 1181700
2598 1288200
2599 1952000
2600 1146600
2601 1559200
2602 1363900
2603 1249600
2604 1139800
2605 1157500
2606 1101500
2607 1089200
2608 1140400
2609 1136700
2610 1121900
2611 1232300
2612 1486300
2613 1810600
2614 1194800
2615 1078800
2616 1215200
2617 1084900
2618 1126600
2619 1135000
2620 1084200
2621 1118700
2622 1442800
2623 1347700
2624 1817200
2625 1254500
2626 1149800
2627 1117500
2628 1116100
2629 1135100
2630 1113200
2631 1230800
2632 1776600
2633 1478100
2634 1501200
2635 1171600
2636 1128300
2637 1154200
2638 1240000
2639 1170900
2640 1130900
2641 1268900
2642 2581500
2643 1589100
2644 1238300
2645 1178500
2646 1155500
2647 1114000
2648 1169600
2649 1169200
2650 1309000
2651 1547700
2652 2313200
2653 1155000
2654 1205500
2655 1152900
2656 1198800
2657 1108300
2658 1137700
2659 1144300
2660 1492800
2661 1934200
2662 1314500
2663 1130700
2664 1121700
2665 1132500
2666 1164500
2667 1145100
2668 1224900
2669 1154200
2670 1900500
2671 1266200
2672 1828200
2673 1133500
2674 1142400
2675 1131200
2676 1140600
2677 1143000
2678 1131800
2679 1206900
2680 1334400
2681 1575800
2682 1655400
2683 1432100
2684 1196700
2685 1164100
2686 1148600
2687 1189400
2688 1338700
2689 1633600
2690 1918000
2691 1759100
2692 1234900
2693 2006400
2694 2085100
2695 1196300
2696 2313800
2697 1846200
2698 1485700
2699 1235400
2700 1280100
2701 2102900
2702 1309600
2703 1243200
2704 1869800
2705 1780200
2706 2138500
2707 1214900
2708 1209600
2709 1233800
2710 1941300
2711 2246300
2712 2233600
2713 1924900
2714 1286800
2715 1358100
2716 1251000
2717 1258500
2718 1233500
2719 1409900
2720 1641400
2721 1562500
2722 1382400
2723 1192500
2724 1189100
2725 1249700
2726 1182000
2727 1192400
2728 1216000
2729 1832500
2730 1490900
2731 1250600
2732 1199300
2733 1283300
2734 1195100
2735 1261100
2736 1188200
2737 1323400
2738 1498400
2739 1958700
2740 1292000
2741 1259700
2742 1198900
2743 2336900
2744 1185300
2745 1422200
2746 1487700
2747 1858300
2748 1198400
2749 1311100
2750 1333600
2751 1344800
2752 1246200
2753 1365400
2754 1887800
2755 1840300
2756 2145600
2757 2072800
2758 1518000
2759 1243700
2760 1286300
2761 2232600
2762 3447900
2763 2463800
2764 1330400
2765 1406500
2766 1374400
2767 1999100
2768 1735100
2769 2026400
2770 1236600
2771 1255700
2772 1222600
2773 1219300
2774 1257200
2775 1245800
2776 1549300
2777 1763000
2778 1794400
2779 1309100
2780 1289800
2781 1265800
2782 1216900
2783 1284100
2784 1315200
2785 1856900
2786 1730700
2787 1307000
2788 1277600
2789 1312500
2790 2209100
2791 1255700
2792 1300100
2793 1562400
2794 1597300
2795 1642900
2796 1305100
2797 1261900
2798 1282000
2799 1276100
2800 1242500
2801 1292500
2802 1866800
2803 1530600
2804 1365800
2805 1344300
2806 1260800
2807 1243600
2808 1242500
2809 1332600
2810 1493800
2811 1889400
2812 1882300
2813 1330900
2814 2355700
2815 2263400
2816 2292800
2817 1585900
2818 1962000
2819 2198700
2820 1292200
2821 1290900
2822 1268300
2823 1315200
2824 1415400
2825 1765400
2826 1796200
2827 1573300
2828 1296000
2829 1323900
2830 1292400
2831 1350700
2832 1367700
2833 1361400
2834 1538800
2835 1853800
2836 2429600
2837 1347400
2838 1364200
2839 1473300
2840 1318600
2841 1722600
2842 1557400
2843 1497800
2844 1279000
2845 1350200
2846 1335000
2847 1321800
2848 1280000
2849 1804000
2850 1694300
2851 1940400
2852 1437100
2853 1393700
2854 1368300
2855 1296100
2856 1362900
2857 1884500
2858 1507000
2859 1473300
2860 1291100
2861 1364000
2862 1302100
2863 1299000
2864 1291700
2865 1609200
2866 1670200
2867 1611300
2868 1430500
2869 1328200
2870 1384300
2871 1380800
2872 1326500
2873 1640700
2874 1481100
2875 2070400
2876 1346500
2877 1372500
2878 1308400
2879 1333800
2880 1358300
2881 2963700
2882 2011200
2883 1478200
2884 1318100
2885 1449800
2886 1351300
2887 1329200
2888 1367400
2889 1691500
2890 1585400
2891 1452900
2892 1452700
2893 1452200
2894 1414900
2895 1405400
2896 1332700
2897 1850900
2898 1886100
2899 1464500
2900 1333700
2901 1397900
2902 1438100
2903 1412100
2904 1525500
2905 1595800
2906 2320800
2907 1357200
2908 1351100
2909 1437300
2910 1418400
2911 1401300
2912 1878500
2913 1865200
2914 1695400
2915 1380200
2916 1456100
2917 1434200
2918 1366700
2919 1389100
2920 2256900
2921 2214400
2922 1611400
2923 1360800
2924 2718200
2925 1340300
2926 1988000
2927 2188000
2928 1776500
2929 1391700
2930 1440500
2931 1425000
2932 1466200
2933 1705100
2934 1886500
2935 1719700
2936 1380000
2937 1441800
2938 1369200
2939 1448000
2940 1388400
2941 1941500
2942 2015300
2943 1461700
2944 1384000
2945 1415400
2946 1384600
2947 1489800
2948 2197800
2949 1738400
2950 1608100
2951 1405200
2952 1422000
2953 1458900
2954 1467800
2955 1460200
2956 2074500
2957 2797500
2958 1440700
2959 1464300
2960 1413000
2961 1491600
2962 1451500
2963 1874500
2964 1650800
2965 1607100
2966 2846500
2967 1405700
2968 1450600
2969 1450400
2970 1964300
2971 1608600
2972 1465100
2973 1447700
2974 1415300
2975 1512100
2976 1486600
2977 1669100
2978 1667800
2979 1956400
2980 1507000
2981 1421700
2982 1569700
2983 1420900
2984 1489300
2985 2246400
2986 1715400
2987 1682300
2988 1447300
2989 1641700
2990 1507600
2991 1517100
2992 1483700
2993 1805100
2994 1844100
2995 1440200
2996 1467000
2997 1446100
2998 1573400
2999 1449800
3000 1822000
3001 1608200
3002 1532000
3003 1556600
3004 1510600
3005 1449800
3006 1497300
3007 3374600
3008 1916700
3009 1648200
3010 1545400
3011 1510800
3012 1516700
3013 1502200
3014 2205300
3015 1801000
3016 1643800
3017 1508300
3018 1479900
3019 1457600
3020 1519800
3021 1753800
3022 1831000
3023 1868900
3024 1557700
3025 1519200
3026 1466000
3027 1453400
3028 1523900
3029 2189500
3030 2049200
3031 1593000
3032 1556200
3033 1688100
3034 1520000
3035 1512800
3036 2144500
3037 1837500
3038 1586800
3039 1488800
3040 1723500
3041 1523700
3042 1529600
3043 1811700
3044 1858400
3045 1710600
3046 2770800
3047 1519800
3048 1593500
3049 1498000
3050 1973000
3051 1965100
3052 1653800
3053 1478000
3054 1593700
3055 1484200
3056 1589200
3057 1908000
3058 1776100
3059 1753000
3060 1502900
3061 1478300
3062 1602300
3063 1486400
3064 1630600
3065 2322800
3066 17097700
3067 4388900
3068 2400700
3069 1536600
3070 2544000
3071 2305800
3072 2853800
3073 3675300
3074 1750900
3075 2012900
3076 1568100
3077 1494300
3078 1551000
3079 2106200
3080 2141400
3081 1518700
3082 1552400
3083 1519300
3084 1601500
3085 2814100
3086 1718000
3087 1911700
3088 1559000
3089 1582200
3090 1507100
3091 1548900
3092 1523300
3093 1986300
3094 2167400
3095 1636300
3096 1537500
3097 1561700
3098 1520300
3099 1531600
3100 2381200
3101 1938600
3102 1675400
3103 1527100
3104 1522200
3105 1543900
3106 1605600
3107 2014200
3108 1819400
3109 1689000
3110 1598600
3111 1593600
3112 1649900
3113 1533900
3114 1700500
3115 2076100
3116 2353100
3117 1558800
3118 1624400
3119 2030900
3120 1673700
3121 1643000
3122 2631600
3123 3538500
3124 1552100
3125 1589200
3126 1593900
3127 1559400
3128 1939500
3129 1950800
3130 1637700
3131 1664100
3132 1576700
3133 1558800
3134 1647200
3135 2197200
3136 3672200
3137 1704200
3138 1699100
3139 1577900
3140 1628800
3141 1676000
3142 2606500
3143 2460700
3144 1579100
3145 1656400
3146 1638800
3147 1569000
3148 2549800
3149 1971700
3150 1677300
3151 1571400
3152 1583100
3153 1600600
3154 1580000
3155 2424300
3156 2528500
3157 1654900
3158 1598800
3159 1573400
3160 2683500
3161 2192800
3162 2103200
3163 1774300
3164 1648200
3165 1654700
3166 1685000
3167 1715200
3168 2082100
3169 2047400
3170 1887000
3171 1671500
3172 1589200
3173 1593800
3174 1657300
3175 1770600
3176 1873300
3177 2011600
3178 1669000
3179 1600400
3180 1667900
3181 1604100
3182 2190000
3183 1916800
3184 1675900
3185 1597800
3186 1666200
3187 1882700
3188 1606500
3189 1851400
3190 1938800
3191 1982500
3192 1652500
3193 1680400
3194 1734600
3195 1617400
3196 3453100
3197 2303700
3198 1632100
3199 1727900
3200 1703300
3201 1624100
3202 1764400
3203 2294600
3204 2306400
3205 1655500
3206 1636600
3207 1645600
3208 1694900
3209 1735500
3210 2573700
3211 2521900
3212 1777900
3213 1640600
3214 1627900
3215 1636900
3216 1912500
3217 2122400
3218 2524800
3219 1783200
3220 1694000
3221 1700700
3222 1699400
3223 2440900
3224 2174800
3225 1793400
3226 1736800
3227 1732700
3228 1646100
3229 1643800
3230 2113400
3231 2264400
3232 2587600
3233 1785800
3234 1657700
3235 1731900
3236 1742400
3237 2225300
3238 2543900
3239 1664600
3240 1662400
3241 1741200
3242 1746300
3243 1930600
3244 2934200
3245 1695000
3246 1685900
3247 1677400
3248 1781500
3249 1739300
3250 2106000
3251 2470000
3252 1842700
3253 1676000
3254 1759700
3255 1742600
3256 1849600
3257 2376100
3258 2442000
3259 1689300
3260 1680300
3261 1730300
3262 1731000
3263 2265300
3264 2037000
3265 1763300
3266 2974500
3267 1763100
3268 1711700
3269 2220100
3270 3502000
3271 15555900
3272 2743200
3273 1957500
3274 2965700
3275 5664100
3276 4479700
3277 3365700
3278 3033000
3279 1749400
3280 2124100
3281 2431400
3282 1742400
3283 1835300
3284 1803600
3285 3245600
3286 3396000
3287 2351900
3288 1731300
3289 1749500
3290 1765400
3291 1711400
3292 1849100
3293 2225200
3294 1901500
3295 1803400
3296 1765700
3297 1718800
3298 1761300
3299 1771700
3300 2958900
3301 1849900
3302 1757400
3303 1865100
3304 1738700
3305 1755600
3306 1795900
3307 2252900
3308 1915500
3309 1786400
3310 1792000
3311 1781200
3312 1854900
3313 2008200
3314 2264800
3315 1745400
3316 2103900
3317 1811700
3318 1802200
3319 1763300
3320 2118000
3321 2530600
3322 1792700
3323 1773900
3324 1752500
3325 1797500
3326 1747500
3327 2097500
3328 2440800
3329 1891300
3330 1851800
3331 1748600
3332 1827500
3333 3085800
3334 2083700
3335 2324300
3336 1814400
3337 1852500
3338 1853300
3339 1891000
3340 2925300
3341 2539000
3342 1886600
3343 1861600
3344 1871600
3345 1841800
3346 2348900
3347 2578500
3348 1855200
3349 1838600
3350 1863800
3351 1788400
3352 1802900
3353 2484600
3354 2567300
3355 1842100
3356 1824900
3357 1868200
3358 1854000
3359 2447300
3360 2494100
3361 1878300
3362 1801400
3363 1896800
3364 1860200
3365 1814600
3366 3774800
3367 1885300
3368 1866500
3369 1792900
3370 1850100
3371 1844100
3372 2306400
3373 2496600
3374 1834500
3375 1861300
3376 1847000
3377 1867000
3378 1995200
3379 2356000
3380 2494900
3381 1876700
3382 1855300
3383 1842900
3384 1936300
3385 1932900
3386 2329400
3387 1933000
3388 1877500
3389 1831300
3390 1985900
3391 1847900
3392 2179600
3393 2513800
3394 1899400
3395 1823300
3396 1908600
3397 1842100
3398 3152200
3399 2471900
3400 1876500
3401 1879600
3402 1861800
3403 1898100
3404 1852100
3405 2604100
3406 2297300
3407 1908200
3408 1891200
3409 1855100
3410 1940300
3411 2566600
3412 2534600
3413 1868700
3414 1977300
3415 2649300
3416 2068000
3417 2482600
3418 2447900
3419 1900600
3420 2062600
3421 1930300
3422 1890100
3423 2241200
3424 2456700
3425 1885000
3426 1984200
3427 1875300
3428 1914800
3429 3520600
3430 2625500
3431 1885700
3432 1933800
3433 1936000
3434 1891300
3435 2213500
3436 2512300
3437 1907200
3438 1974800
3439 1982300
3440 1904900
3441 1930800
3442 2316500
3443 1884600
3444 1958300
3445 1885400
3446 2006700
3447 2009800
3448 2323400
3449 2490300
3450 1985700
3451 1930100
3452 1891000
3453 1949000
3454 2356100
3455 2781200
3456 1907900
3457 1898100
3458 2025600
3459 1972300
3460 3393500
3461 2584300
3462 1998300
3463 1942000
3464 1959300
3465 2015100
3466 2360500
3467 2492500
3468 1914500
3469 2014500
3470 2153200
3471 1982500
3472 2287200
3473 2643200
3474 1948700
3475 1984600
3476 1943600
3477 2088700
3478 2096500
3479 2557800
3480 1937900
3481 1932900
3482 1983400
3483 1965500
3484 2023600
3485 2380800
3486 2010800
3487 1981100
3488 2134100
3489 1934700
3490 3593900
3491 2607300
3492 1948000
3493 1928400
3494 1987900
3495 2047900
3496 2270300
3497 2724600
3498 1949500
3499 2036700
3500 2351800
3501 1998400
3502 2496400
3503 2672100
3504 1967700
3505 2093100
3506 1990600
3507 1980500
3508 2213900
3509 2850000
3510 2047600
3511 2134400
3512 2078700
3513 2064500
3514 2302100
3515 2602600
3516 2146900
3517 1964500
3518 2047200
3519 1967900
3520 3677200
3521 2561800
3522 2024700
3523 2122400
3524 2077800
3525 1987800
3526 2297400
3527 2794300
3528 1984800
3529 1967600
3530 2077100
3531 3970100
3532 17440700
3533 2058700
3534 2134600
3535 2887100
3536 4020200
3537 3744000
3538 3735100
3539 2166000
3540 1992500
3541 2052500
3542 1997600
3543 2548600
3544 2576800
3545 2025200
3546 2102200
3547 2092500
3548 2071900
3549 4129200
3550 3104000
3551 3069200
3552 3328800
3553 3787900
3554 3334200
3555 3192300
3556 3375600
3557 3760700
3558 3579600
3559 3255700
3560 2164700
3561 2057300
3562 2500900
3563 2315600
3564 2061500
3565 2252700
3566 2058700
3567 2208300
3568 3000100
3569 2131400
3570 2038600
3571 2048600
3572 2029800
3573 2183700
3574 2801800
3575 2100100
3576 2090100
3577 2075100
3578 2026000
3579 2335200
3580 2744700
3581 2055600
3582 2146900
3583 2042500
3584 3290000
3585 2562700
3586 2327500
3587 2112200
3588 2079500
3589 2094200
3590 2131000
3591 2596900
3592 2056700
3593 2125400
3594 2091300
3595 2076200
3596 2304400
3597 2798900
3598 2205700
3599 2171500
3600 2209700
3601 2171800
3602 2575700
3603 2949900
3604 2196200
3605 2091200
3606 2083800
3607 2134100
3608 2551100
3609 2827000
3610 2153400
3611 2178400
3612 2149700
3613 2103700
3614 3021400
3615 2071600
3616 2181400
3617 2068500
3618 3354700
3619 2630200
3620 2799600
3621 2112100
3622 2171600
3623 2138300
3624 2266100
3625 2625900
3626 2119100
3627 2187000
3628 2158400
3629 2194500
3630 2934300
3631 2825300
3632 2155500
3633 2144000
3634 2118600
3635 2234800
3636 2574700
3637 2584400
3638 2113100
3639 2157300
3640 2209000
3641 2152000
3642 2751500
3643 2134400
3644 2154900
3645 2090200
3646 2276800
3647 2412500
3648 2781100
3649 2114200
3650 2182600
3651 3496200
3652 2156700
3653 2813200
3654 2203900
3655 2203400
3656 2261100
3657 2116100
3658 2854000
3659 2777500
3660 2225400
3661 2286000
3662 2203900
3663 2165600
3664 2829400
3665 2136500
3666 2269500
3667 2166800
3668 2130500
3669 2532600
3670 4511400
3671 2406700
3672 2240900
3673 2375100
3674 2713300
3675 2861100
3676 2150600
3677 2213500
3678 2271600
3679 2308400
3680 2933000
3681 2357500
3682 2199200
3683 2166300
3684 3357200
3685 2816900
3686 2611000
3687 2289900
3688 2214100
3689 2191100
3690 2303700
3691 4504700
3692 2246900
3693 2217800
3694 2181800
3695 2263100
3696 2832000
3697 2466000
3698 2165600
3699 2185200
3700 2217000
3701 3447400
3702 2275400
3703 2269600
3704 2264200
3705 2217000
3706 3376700
3707 2983200
3708 2197600
3709 2259900
3710 2176200
3711 2813100
3712 2941000
3713 2211700
3714 2179800
3715 2215300
3716 4048300
3717 3087800
3718 2244800
3719 2205200
3720 2275500
3721 2385200
3722 2808700
3723 2426000
3724 2262300
3725 2212500
3726 2290800
3727 3271800
3728 3042300
3729 2224300
3730 2319500
3731 2237900
3732 2664900
3733 3030300
3734 2219500
3735 2245800
3736 2262100
3737 2345500
3738 3020700
3739 2516800
3740 2247700
3741 2448100
3742 2311200
3743 2587500
3744 3084500
3745 2219900
3746 2346900
3747 2746600
3748 3840400
3749 2842900
3750 2258100
3751 2327000
3752 2348700
3753 2374200
3754 3054400
3755 2325100
3756 2400000
3757 2246500
3758 2286000
3759 2670900
3760 2506400
3761 2415100
3762 2244800
3763 2263700
3764 2884300
3765 3021900
3766 2366000
3767 2375700
3768 2387900
3769 2286700
3770 2999100
3771 2444000
3772 2313600
3773 2323600
3774 2393300
3775 2713200
3776 3105400
3777 2295700
3778 2339000
3779 3617000
3780 2991500
3781 2727900
3782 2288000
3783 2329400
3784 2312700
3785 2748100
3786 2685000
3787 2326100
3788 2357700
3789 2400800
3790 2656700
3791 3302100
3792 2304900
3793 2302000
3794 13594100
3795 3430600
3796 3048000
3797 4352300
3798 4986500
3799 4632500
3800 2758000
3801 2938900
3802 2327700
3803 2333200
3804 2602900
3805 2335600
3806 3126900
3807 2432500
3808 2357100
3809 3537000
3810 2834600
3811 2997700
3812 2337600
3813 2319400
3814 2428400
3815 2328000
3816 3013800
3817 2378400
3818 2375300
3819 2358000
3820 2315900
3821 3010800
3822 2684400
3823 2373900
3824 2311400
3825 2383400
3826 3297200
3827 3105700
3828 2331000
3829 2338900
3830 2347200
3831 2738100
3832 3149000
3833 2432800
3834 2339700
3835 2435900
3836 2734400
3837 3077600
3838 2368300
3839 3510600
3840 2392400
3841 3670600
3842 3021800
3843 2411200
3844 2428400
3845 2418000
3846 2999100
3847 4006700
3848 2345000
3849 2453600
3850 2405700
3851 3824200
3852 3457800
3853 2405200
3854 4360700
3855 3600100
3856 3267000
3857 2511100
3858 2642500
3859 2455800
3860 3796300
3861 4857100
3862 2409800
3863 2431200
3864 3225400
3865 3112800
3866 2426500
3867 4392600
3868 2695500
3869 5507200
3870 2498300
3871 2363800
3872 2566200
3873 2769600
3874 2845500
3875 2496900
3876 2380600
3877 2404600
3878 2592400
3879 3008200
3880 2475500
3881 2493200
3882 2809000
3883 2782300
3884 3153600
3885 2512600
3886 2558900
3887 2753900
3888 2835200
3889 3642800
3890 2523800
3891 2400700
3892 2551600
3893 2668400
3894 3301300
3895 2481600
3896 2464000
3897 2514300
3898 3775400
3899 3703800
3900 2540600
3901 2677200
3902 2496100
3903 2683400
3904 3153200
3905 2421900
3906 2631200
3907 2443100
3908 2451000
3909 3359900
3910 2531700
3911 2575700
3912 2490600
3913 2460500
3914 3052000
3915 2612400
3916 2431700
3917 2484700
3918 2526300
3919 3289800
3920 2813300
3921 2447500
3922 2488300
3923 2899200
3924 2978300
3925 2693000
3926 2481500
3927 3837000
3928 2814400
3929 3442000
3930 2545200
3931 2491000
3932 2567300
3933 2656700
3934 3464900
3935 2483700
3936 2600000
3937 2577000
3938 2960200
3939 3219500
3940 2493900
3941 2462000
3942 2509700
3943 2850900
3944 3101100
3945 2492100
3946 2552600
3947 2591000
3948 2964300
3949 3231700
3950 2526300
3951 2474700
3952 2480000
3953 3200900
3954 3179400
3955 3683500
3956 2513600
3957 2589600
3958 3122400
3959 3093400
3960 2512300
3961 2605300
3962 2648200
3963 3112700
3964 2558300
3965 2622900
3966 2605200
3967 2569200
3968 2999800
3969 2784400
3970 2589900
3971 3099600
3972 3522800
3973 3545400
3974 2499100
3975 2529400
3976 2539700
3977 3043000
3978 3113800
3979 2670100
3980 2652600
3981 2561900
3982 2761000
3983 4463700
3984 2533100
3985 2572800
3986 2631600
3987 2886000
3988 2820600
3989 2702100
3990 2559500
3991 2610900
3992 3423900
3993 2533100
3994 2649700
3995 2603000
3996 2596800
3997 3495700
3998 3614700
3999 2533500
4000 2596000
4001 2991100
4002 3965900
4003 2581000
4004 2550300
4005 2644700
4006 3365600
4007 3561300
4008 2559100
4009 2542600
4010 2706400
4011 5010700
4012 2553400
4013 2677200
4014 2626900
4015 3259400
4016 3195900
4017 2582800
4018 2601300
4019 2655000
4020 3980700
4021 2662500
4022 2727400
4023 2569900
4024 2627100
4025 3348200
4026 2628700
4027 2587200
4028 2579200
4029 2715600
4030 3488700
4031 2647100
4032 2637300
4033 2670300
4034 2935300
4035 3323100
4036 2678700
4037 3095600
4038 3764200
4039 3259400
4040 2643800
4041 2611600
4042 2696500
4043 2618000
4044 3324300
4045 2612400
4046 2701400
4047 2702200
4048 3036100
4049 3251700
4050 2619200
4051 2809600
4052 2600000
4053 3242000
4054 3268100
4055 2721800
4056 2838500
4057 3126030
4058 3030800
4059 3753500
4060 5026300
4061 4704200
4062 2773700
4063 3602700
4064 2941400
4065 3861600
4066 2648300
4067 3306500
4068 2962700
4069 2615300
4070 2702800
4071 2762400
4072 3506200
4073 2832300
4074 2686200
4075 2656900
4076 2817300
4077 3755600
4078 2648500
4079 2636800
4080 2791200
4081 2676600
4082 3521600
4083 2740800
4084 2648400
4085 2712700
4086 2832000
4087 3269800
4088 2694400
4089 2767100
4090 2647000
4091 5356700
4092 2733500
4093 2719900
4094 2673400
4095 3114400
4096 3226500
4097 2754700
4098 2663700
4099 2731200
4100 3589600
4101 2969700
4102 5211200
4103 2824600
4104 5719400
4105 2756900
4106 2740000
4107 2768300
4108 2984900
4109 3292200
4110 2741400
4111 2694400
4112 2691100
4113 3342700
4114 3078300
4115 2708200
4116 2766200
4117 2711200
4118 4451300
4119 2727800
4120 2750900
4121 2806400
4122 3381800
4123 2976400
4124 2836400
4125 2703800
4126 2721600
4127 3443300
4128 3115300
4129 2776600
4130 2840400
4131 2722800
4132 3520100
4133 2775300
4134 2732500
4135 2780300
4136 3543800
4137 3265200
4138 2833400
4139 2839100
4140 2772100
4141 3626000
4142 2814600
4143 4007500
4144 2768400
4145 3754000
4146 3716200
4147 2777600
4148 2772000
4149 3531300
4150 3160400
4151 2791700
4152 2822900
4153 2775200
4154 3479400
4155 2840600
4156 2833800
4157 2882500
4158 3384100
4159 3132700
4160 2770600
4161 2814000
4162 2774900
4163 3512800
4164 2978100
4165 2772900
4166 2859700
4167 2883900
4168 3433900
4169 3992100
4170 3032700
4171 2877500
4172 4601200
4173 2807600
4174 2958300
4175 2790600
4176 3600100
4177 3053700
4178 2988000
4179 2765300
4180 2837100
4181 4291900
4182 2932100
4183 2790300
4184 2945000
4185 3980500
4186 2924600
4187 2820900
4188 2820300
4189 4160400
4190 3589200
4191 2822600
4192 2789200
4193 2913800
4194 5106200
4195 2781900
4196 2840200
4197 3402200
4198 4078000
4199 3261200
4200 2900000
4201 3406000
4202 4496400
4203 2851700
4204 2911900
4205 2986800
4206 5929200
4207 3729300
4208 2976100
4209 4632900
4210 4217700
4211 4033500
4212 5893700
4213 4404500
4214 3224000
4215 4569400
4216 4620900
4217 3005600
4218 3979100
4219 7826800
4220 3028400
4221 3128700
4222 4603800
4223 3568400
4224 5192900
4225 4413000
4226 3453800
4227 5075000
4228 3148400
4229 5113400
4230 2957700
4231 3115400
4232 4843800
4233 3930300
4234 3944400
4235 4628200
4236 4055000
4237 4017700
4238 4922800
4239 4754300
4240 3285500
4241 5080600
4242 4363500
4243 4083800
4244 4012800
4245 4606700
4246 3814100
4247 4101400
4248 7823700
4249 5111800
4250 6365500
4251 5321800
4252 5182900
4253 5251900
4254 4129400
4255 5551100
4256 6250500
4257 3713700
4258 5219500
4259 4763900
4260 2974300
4261 3190300
4262 6200600
4263 5364700
4264 5285700
4265 5938700
4266 4133600
4267 4054500
4268 6573500
4269 11168400
4270 4914800
4271 4762800
4272 4892200
4273 5983700
4274 5459900
4275 3966700
4276 4095500
4277 7710300
4278 5182400
4279 6622700
4280 6276700
4281 4299340
4282 7731500
4283 4179200
4284 4292000
4285 5239000
4286 5418700
4287 5772800
4288 3142000
4289 3981300
4290 5034600
4291 4207600
4292 7241900
4293 5211200
4294 3825300
4295 4272200
4296 6156700
4297 3352400
4298 4307500
4299 5955800
4300 2986900
4301 3206900
4302 4495000
4303 3284800
4304 3090900
4305 3095600
4306 4204800
4307 3351300
4308 3045500
4309 3065800
4310 6828800
4311 3232600
4312 3171100
4313 4487300
4314 5419400
4315 2981400
4316 3633300
4317 5849800
4318 3556200
4319 3154800
4320 3918900
4321 4275700
4322 2982400
4323 3105700
4324 3960400
4325 4380900
4326 3094000
4327 2997800
4328 4414600
4329 4363400
4330 3052200
4331 3031000
4332 3846400
4333 4039500
4334 3011200
4335 3003000
4336 3638300
4337 4137900
4338 3118900
4339 4105700
4340 3987700
4341 4372600
4342 3031100
4343 3090300
4344 3633500
4345 3770900
4346 3023300
4347 3035600
4348 3143100
4349 4317000
4350 3082300
4351 3046400
4352 3048600
4353 4150100
4354 3058800
4355 3072700
4356 3091800
4357 3929000
4358 3324600
4359 3235800
4360 3177900
4361 3997600
4362 5558100
4363 4541000
4364 5383600
4365 3429400
4366 3225200
4367 3194500
4368 6125100
4369 3281700
4370 3136400
4371 4614600
4372 6148100
4373 3157400
4374 5246700
4375 3725700
4376 4304700
4377 5076600
4378 5186600
4379 3109500
4380 5621700
4381 5589900
4382 3126900
4383 6751500
4384 4927300
4385 3356600
4386 7409300
4387 3105800
4388 3208200
4389 5598800
4390 3541800
4391 3135800
4392 4616200
4393 5077600
4394 3262300
4395 3203300
4396 6244600
4397 3321900
4398 3221100
4399 6661300
4400 3332800
4401 3067600
4402 3511900
4403 5362600
4404 3232800
4405 3310900
4406 4499600
4407 3756000
4408 4202400
4409 6691300
4410 3221300
4411 3344600
4412 3124600
4413 4718900
4414 3666800
4415 3251300
4416 3238200
4417 4970200
4418 3428600
4419 3610400
4420 4412100
4421 3444000
4422 3240000
4423 3226100
4424 4777400
4425 3237200
4426 3162700
4427 3279100
4428 4464300
4429 4412000
4430 3118600
4431 4764200
4432 3480500
4433 3213400
4434 3188800
4435 3708000
4436 3514600
4437 3181800
4438 3283500
4439 3745200
4440 3554000
4441 3203900
4442 3269300
4443 10761900
4444 3394800
4445 3834300
4446 4257500
4447 3250400
4448 3307100
4449 7030000
4450 3325900
4451 3318800
4452 3711000
4453 4382700
4454 4494400
4455 3265700
4456 6207100
4457 3228100
4458 3405000
4459 3214300
4460 4831500
4461 3365200
4462 3316900
4463 3553200
4464 3876400
4465 3181600
4466 4704600
4467 4300000
4468 3415300
4469 3450900
4470 3327500
4471 5450400
4472 3244400
4473 3178200
4474 3379800
4475 4110900
4476 4603000
4477 3235200
4478 3864400
4479 3799300
4480 3219900
4481 3207500
4482 4239700
4483 3418500
4484 3210000
4485 3230600
4486 4969200
4487 3408200
4488 3243700
4489 3537800
4490 4422100
4491 3332200
4492 3317500
4493 3435600
4494 5650400
4495 3531200
4496 3359900
4497 4075200
4498 7052200
4499 3636200
4500 5049600
4501 6875300
4502 3875500
4503 6885200
4504 3402600
4505 3329000
4506 5079500
4507 4928800
4508 3382500
4509 13417900
4510 11835500
4511 5082800
4512 4418300
4513 7106400
4514 5022000
4515 5580300
4516 5339400
4517 3383200
4518 5074300
4519 5007400
4520 3365800
4521 4491200
4522 4023400
4523 4729700
4524 3372000
4525 4572600
4526 3445900
4527 3511600
4528 3374600
4529 5434300
4530 3661300
4531 3375800
4532 4426100
4533 3766600
4534 3408400
4535 3347700
4536 4058700
4537 3423200
4538 3447100
4539 3312100
4540 4418600
4541 4444700
4542 3357600
4543 3335400
4544 3870300
4545 3384500
4546 3417600
4547 3783200
4548 3803500
4549 3277600
4550 3339300
4551 3976600
4552 3826000
4553 3408700
4554 3311600
4555 4069800
4556 4331900
4557 3324800
4558 3314900
4559 4352700
4560 3339500
4561 3484100
4562 5458800
4563 3661200
4564 3349200
4565 3300400
4566 4450800
4567 3332200
4568 3330100
4569 3576600
4570 4853800
4571 3325100
4572 3450600
4573 4088100
4574 4371600
4575 3365300
4576 3448700
4577 4346200
4578 4416600
4579 3562600
4580 3361800
4581 4670100
4582 3389400
4583 4653000
4584 4000200
4585 3702400
4586 3429400
4587 3349500
4588 4642600
4589 3455500
4590 3456600
4591 3408300
4592 4437700
4593 3643800
4594 3479500
4595 3794800
4596 3883700
4597 3440000
4598 3468700
4599 4475600
4600 3781400
4601 3365900
4602 3466200
4603 4319400
4604 4810600
4605 3444400
4606 4170500
4607 3830500
4608 3435900
4609 3455500
4610 4652300
4611 3545300
4612 3503200
4613 3394900
4614 5394200
4615 3416800
4616 3478800
4617 3909700
4618 3713900
4619 3429800
4620 3460400
4621 4360700
4622 3823900
4623 3412400
4624 3596900
4625 6223900
4626 3433400
4627 3484300
4628 3875000
4629 3843900
4630 3447200
4631 3661200
4632 4245300
4633 3697500
4634 3426300
4635 3427200
4636 5139600
4637 3555800
4638 3594800
4639 3909600
4640 3833600
4641 3601900
4642 3727000
4643 4636900
4644 3534300
4645 3485100
4646 4894600
4647 3929800
4648 3493100
4649 3535800
4650 4191900
4651 4112300
4652 3669200
4653 3564900
4654 4689900
4655 3509200
4656 3461000
4657 3624200
4658 4703900
4659 3542800
4660 3584700
4661 4292600
4662 4075600
4663 3493000
4664 3542400
4665 4637900
4666 4574600
4667 3499000
4668 4171600
4669 3840600
4670 3508400
4671 3662600
4672 4422500
4673 3503600
4674 3600500
4675 3874800
4676 4625700
4677 3922300
4678 3695300
4679 4124600
4680 3791600
4681 3631300
4682 3624100
4683 4364600
4684 4029800
4685 3525600
4686 5125200
4687 3935900
4688 3520100
4689 3645400
4690 4966600
4691 4782500
4692 3661100
4693 4398100
4694 4050100
4695 3768900
4696 3576200
4697 4738200
4698 3641500
4699 3687300
4700 4021900
4701 3890000
4702 3765600
4703 3624600
4704 4837200
4705 3559300
4706 4963300
4707 4212900
4708 4100200
4709 3529500
4710 3530300
4711 5464300
4712 3713000
4713 3631000
4714 4614000
4715 4257000
4716 3607100
4717 3595200
4718 4385500
4719 3571700
4720 3646100
4721 3586300
4722 4958300
4723 3626100
4724 3635100
4725 4620500
4726 5043100
4727 3655600
4728 4351500
4729 4463800
4730 3676600
4731 3666700
4732 4555100
4733 4550900
4734 3601400
4735 3876100
4736 4917800
4737 3636200
4738 3599200
4739 4737900
4740 3962700
4741 3606900
4742 3799100
4743 4766800
4744 3619100
4745 3638800
4746 5556500
4747 4049900
4748 3726800
4749 3662900
4750 4720800
4751 3617600
4752 3830500
4753 3867100
4754 4288700
4755 3680000
4756 3711500
4757 13459500
4758 11449500
4759 6604200
4760 5460600
4761 6335500
4762 4769100
4763 3604300
4764 3609500
4765 6277500
4766 3669200
4767 3643500
4768 4941000
4769 3861400
4770 3638900
4771 3787800
4772 5077600
4773 3647200
4774 3651900
4775 4460500
4776 4055100
4777 3661700
4778 3686600
4779 4612600
4780 4274700
4781 3680100
4782 5177200
4783 4133100
4784 3757400
4785 5080300
4786 4534400
4787 3673000
4788 4046900
4789 4370300
4790 3966200
4791 3762000
4792 3669600
4793 4600000
4794 3690800
4795 3759800
4796 3936600
4797 5283700
4798 4146200
4799 3718800
4800 5194400
4801 3714400
4802 3889200
4803 4931600
4804 5505000
4805 3808400
4806 4693800
4807 4122500
4808 3683900
4809 3882200
4810 4887600
4811 3802700
4812 3761000
4813 5441400
4814 4164200
4815 3810700
4816 3960700
4817 4406400
4818 3713300
4819 3740100
4820 5535700
4821 3912700
4822 3702900
4823 6497000
4824 3755500
4825 3759400
4826 4452300
4827 4543000
4828 3808400
4829 4771100
4830 4385300
4831 3754200
4832 3857900
4833 5049500
4834 3843100
4835 3993200
4836 3840000
4837 4059800
4838 3828900
4839 3844900
4840 5072400
4841 3903200
4842 4959500
4843 4800100
4844 4133200
4845 3738300
4846 4089200
4847 4953200
4848 4040000
4849 3777600
4850 5578000
4851 4306800
4852 3785200
4853 4678200
4854 4148000
4855 3768300
4856 3987200
4857 4577600
4858 3844400
4859 3852500
4860 5649500
4861 5512300
4862 3932500
4863 5296700
4864 3909300
4865 3852400
4866 5313500
4867 4088200
4868 3840900
4869 4151700
4870 4896500
4871 3814300
4872 3845700
4873 4574000
4874 3944000
4875 3782100
4876 4386400
4877 4114700
4878 3864000
4879 5600400
4880 4471800
4881 3805700
4882 3988500
4883 5218500
4884 3882600
4885 3919400
4886 4809000
4887 4106900
4888 3935000
4889 3941300
4890 4901500
4891 5095200
4892 3862300
4893 4988000
4894 3889500
4895 3850900
4896 4771700
4897 4263700
4898 5123500
4899 4437800
4900 4211700
4901 4180000
4902 3957200
4903 5425400
4904 4313100
4905 3947400
4906 4915900
4907 4172300
4908 3842300
4909 4676700
4910 4420700
4911 3859200
4912 4142200
4913 5436200
4914 3866700
4915 4277800
4916 6875500
4917 3920100
4918 3897000
4919 5296700
4920 3959300
4921 3945300
4922 4628300
4923 4226600
4924 3853700
4925 4161700
4926 4985200
4927 3961800
4928 4059200
4929 4673600
4930 4013000
4931 3980800
4932 4736900
4933 4274600
4934 4009400
4935 6063000
4936 4411300
4937 4043400
4938 3997600
4939 5632200
4940 3988000
4941 3947800
4942 5049500
4943 3904200
4944 4042300
4945 4802100
4946 4289400
4947 4031400
4948 3971100
4949 5178300
4950 4210700
4951 3991100
4952 4808700
4953 4926600
4954 3960700
4955 4856900
4956 4165800
4957 4033700
4958 5016000
4959 4661600
4960 4030800
4961 4129600
4962 5345300
4963 4003600
4964 3924700
4965 5008600
4966 3938400
4967 3969600
4968 5171600
4969 4252900
4970 4027100
4971 6367900
4972 4249700
4973 3974400
4974 4398300
4975 5146100
4976 3983100
4977 4043400
4978 4910000
4979 4503400
4980 4042300
4981 5051800
4982 4109500
4983 3979800
4984 4345800
4985 4320900
4986 3981800
4987 4069600
4988 6185600
4989 3972800
4990 3973900
4991 4879000
4992 4081400
4993 3989000
4994 4764200
4995 4378700
4996 4148300
4997 4168800
4998 5041800
4999 4026900
